Prob: 0,00010767886949046407
Games: 1000000
Wins: 108
Ratio: 0,000108
9 010000100000  7 110001100000  8 111011100000  12 111111110000  9 111111111000  10 111111111100  11 111111111110  12 111111111111  
11 000011000000  8 100011100000  8 100011110000  10 100011110100  3 101011110100  9 101011111100  11 101011111110  6 111111111110  12 111111111111  
8 100000100000  3 101000100000  7 111010100000  12 111110110000  9 111110111000  10 111110111100  11 111110111110  12 111110111111  6 111111111111  
9 010000100000  8 011010100000  5 111110100000  8 111110110000  6 111111110000  9 111111111000  12 111111111001  11 111111111011  10 111111111111  
7 100001000000  10 110001010000  5 110011010000  9 110011011000  12 110011011001  7 111111011001  11 111111011011  10 111111011111  7 111111111111  
3 110000000000  9 111001000000  4 111101000000  7 111101100000  10 111101100100  11 111101100110  9 111101101110  12 111101101111  8 111101111111  5 111111111111  
7 100001000000  8 101011000000  9 111011100000  11 111011100010  12 111111110010  9 111111111010  10 111111111110  12 111111111111  
7 100001000000  5 111001000000  11 111101100000  9 111101101000  8 111101111000  5 111111111000  10 111111111100  11 111111111110  12 111111111111  
3 110000000000  7 110000100000  6 110001100000  8 111011100000  4 111111100000  11 111111100010  12 111111100011  9 111111101011  10 111111101111  8 111111111111  
5 100100000000  8 110101000000  10 111101100000  12 111101100001  11 111101100011  5 111111100011  8 111111110011  9 111111111011  10 111111111111  
6 100010000000  10 101010100000  8 111011100000  4 111111100000  9 111111101000  8 111111111000  10 111111111100  11 111111111110  12 111111111111  
6 100010000000  5 111010000000  10 111111000000  7 111111100000  12 111111100001  8 111111110001  11 111111110011  9 111111111011  10 111111111111  
6 100010000000  10 101010100000  4 101110100000  9 101110101000  12 111110101100  12 111110101101  11 111110101111  6 111111101111  8 111111111111  
8 100000100000  8 101010100000  10 101111100000  11 111111101000  11 111111101010  10 111111101110  12 111111101111  8 111111111111  
5 100100000000  7 100100100000  8 110101100000  3 111101100000  8 111101110000  12 111101110001  9 111101111001  11 111101111011  10 111101111111  5 111111111111  
8 100000100000  7 110010100000  6 110011100000  9 110011101000  4 110111101000  11 111111111000  11 111111111010  10 111111111110  12 111111111111  
7 100001000000  10 110001010000  12 110011110000  4 110111110000  3 111111110000  9 111111111000  10 111111111100  11 111111111110  12 111111111111  
8 100000100000  8 101010100000  9 101010101000  6 101011101000  6 111111101000  10 111111101100  12 111111101101  11 111111101111  8 111111111111  
3 110000000000  10 111000100000  10 111101100000  8 111101110000  10 111101110100  12 111101110101  5 111111110101  9 111111111101  11 111111111111  
11 000011000000  6 010111000000  4 111111000000  8 111111010000  11 111111010010  10 111111010110  9 111111011110  7 111111111110  12 111111111111  
7 100001000000  6 110101000000  5 110111000000  9 110111001000  11 111111011000  11 111111011010  10 111111011110  7 111111111110  12 111111111111  
11 000011000000  5 100111000000  7 100111100000  9 100111101000  10 110111111000  12 110111111001  3 111111111001  11 111111111011  10 111111111111  
8 100000100000  7 110010100000  7 111110100000  12 111110100001  6 111111100001  8 111111110001  9 111111111001  11 111111111011  10 111111111111  
7 100001000000  5 111001000000  9 111001001000  9 111111001000  11 111111001010  8 111111011010  10 111111011110  12 111111011111  7 111111111111  
9 010000100000  12 010100110000  10 110100111000  5 110110111000  12 110110111001  10 110110111101  9 111111111101  11 111111111111  
11 000011000000  8 100011100000  5 111011100000  9 111011101000  4 111111101000  12 111111101001  8 111111111001  11 111111111011  10 111111111111
4 101000000000  6 101001000000  8 101001010000  10 101001010100  5 101011010100  6 111111010100  12 111111010101  7 111111110101  9 111111111101  11 111111111111
4 101000000000  6 101001000000  7 111011000000  8 111011010000  12 111011010001  10 111011010101  11 111111110101  11 111111110111  9 111111111111
8 100000100000  4 100100100000  3 101100100000  9 101100101000  7 111110101000  10 111110101100  6 111111101100  12 111111101101  8 111111111101  11 111111111111
5 100100000000  6 100101000000  8 100101010000  10 101101110000  5 101111110000  12 111111110100  11 111111110110  12 111111110111  9 111111111111
9 010000100000  6 110010100000  4 110110100000  11 111110110000  9 111110111000  11 111110111010  6 111111111010  10 111111111110  12 111111111111
2 010000000000  5 010010000000  8 110010100000  6 110011100000  9 110011101000  10 110011101100  7 111111101100  11 111111101110  8 111111111110  12 111111111111
7 100001000000  9 100111000000  10 101111100000  10 111111110000  12 111111110001  11 111111110011  10 111111110111  9 111111111111  
7 100001000000  4 100101000000  7 100101100000  8 101111100000  12 111111100100  11 111111100110  9 111111101110  12 111111101111  8 111111111111
6 100010000000  4 100110000000  10 101110100000  8 101110110000  8 111111110000  9 111111111000  11 111111111010  12 111111111011  10 111111111111
7 100001000000  4 100101000000  11 101101010000  5 101111010000  7 101111110000  11 111111111000  12 111111111001  11 111111111011  10 111111111111
10 000101000000  7 010111000000  11 011111010000  10 111111011000  12 111111011001  10 111111011101  7 111111111101  11 111111111111
4 101000000000  6 101001000000  8 101001010000  7 111011010000  11 111111110000  11 111111110010  9 111111111010  12 111111111011  10 111111111111
7 100001000000  11 100101100000  9 100101101000  8 101111101000  11 101111101010  10 111111111010  12 111111111011  10 111111111111
7 100001000000  7 110011000000  9 110011001000  7 110011101000  7 111111101000  11 111111101010  8 111111111010  10 111111111110  12 111111111111
10 000101000000  5 000111000000  10 001111100000  12 101111100010  9 101111101010  2 111111101010  10 111111101110  12 111111101111  8 111111111111
4 101000000000  7 101000100000  9 101110100000  12 111110100100  11 111110100110  8 111110110110  6 111111110110  9 111111111110  12 111111111111
8 100000100000  7 110010100000  12 110110110000  11 110110110010  10 110110110110  9 111111110110  9 111111111110  12 111111111111
6 100010000000  6 100011000000  8 100011010000  3 101011010000  6 111111010000  9 111111011000  10 111111011100  7 111111111100  12 111111111101  11 111111111111
8 100000100000  7 110010100000  6 110011100000  7 111111100000  9 111111101000  12 111111101001  10 111111101101  11 111111101111  8 111111111111
5 100100000000  10 101100100000  10 111100110000  9 111100111000  6 111101111000  12 111101111001  10 111101111101  5 111111111101  11 111111111111
7 100001000000  2 110001000000  9 110111000000  7 110111100000  12 111111101000  12 111111101001  10 111111101101  11 111111101111  8 111111111111
4 101000000000  4 101100000000  7 101100100000  7 111110100000  10 111110100100  8 111110110100  9 111110111100  11 111110111110  12 111110111111  6 111111111111
4 101000000000  8 111001000000  11 111101100000  8 111101110000  5 111111110000  10 111111110100  9 111111111100  11 111111111110  12 111111111111
6 100010000000  9 101011000000  9 111011100000  10 111011100100  11 111011100110  12 111111110110  9 111111111110  12 111111111111
9 010000100000  4 111000100000  8 111000110000  10 111101110000  10 111101110100  12 111101110101  5 111111110101  11 111111110111  9 111111111111
6 100010000000  7 100010100000  10 100111100000  8 100111110000  2 110111110000  9 110111111000  3 111111111000  10 111111111100  12 111111111101  11 111111111111
9 010000100000  7 110001100000  12 110101110000  9 110101111000  10 110101111100  8 111111111100  11 111111111110  12 111111111111  
7 100001000000  5 111001000000  5 111011000000  7 111011100000  8 111011110000  4 111111110000  9 111111111000  11 111111111010  10 111111111110  12 111111111111
5 100100000000  6 100101000000  10 101101100000  9 101101101000  7 111111101000  10 111111101100  8 111111111100  12 111111111101  11 111111111111
7 100001000000  11 100101100000  9 100101101000  11 101101111000  7 111111111000  11 111111111010  10 111111111110  12 111111111111
11 000011000000  10 001011100000  11 011011101000  10 011011101100  9 111011111100  12 111011111101  4 111111111101  11 111111111111
3 110000000000  9 111001000000  10 111001000100  11 111101100100  5 111111100100  9 111111101100  11 111111101110  8 111111111110  12 111111111111
9 010000100000  3 011000100000  10 011101100000  10 111101101000  10 111101101100  12 111101101101  11 111101101111  8 111101111111  5 111111111111
8 100000100000  7 110010100000  4 110110100000  11 111110110000  10 111110110100  6 111111110100  12 111111110101  11 111111110111  9 111111111111
8 100000100000  8 101010100000  9 101010101000  12 101110111000  6 101111111000  11 101111111010  12 111111111110  12 111111111111
8 100000100000  10 100101100000  7 110111100000  10 110111100100  11 111111110100  9 111111111100  12 111111111101  11 111111111111
11 000011000000  9 100011010000  4 100111010000  5 111111010000  10 111111010100  9 111111011100  7 111111111100  11 111111111110  12 111111111111
5 100100000000  8 110101000000  11 111101010000  5 111111010000  12 111111010001  7 111111110001  11 111111110011  10 111111110111  9 111111111111  
5 100100000000  6 100101000000  8 100101010000  10 101101110000  9 101101111000  10 101101111100  11 101101111110  12 101101111111  7 111111111111
7 100001000000  3 101001000000  11 101101100000  11 111101101000  12 111101101001  5 111111101001  11 111111101011  10 111111101111  8 111111111111
12 000010100000  11 001010110000  4 001110110000  10 101110111000  10 101110111100  8 111111111100  12 111111111101  11 111111111111
10 000101000000  11 001101010000  3 111101010000  7 111101110000  5 111111110000  9 111111111000  10 111111111100  12 111111111101  11 111111111111
2 010000000000  5 010010000000  8 110010100000  7 111110100000  8 111110110000  6 111111110000  12 111111110001  9 111111111001  10 111111111101  11 111111111111
7 100001000000  7 110011000000  7 110011100000  10 110011100100  9 110011101100  7 111111101100  11 111111101110  8 111111111110  12 111111111111
10 000101000000  10 100101001000  5 100111001000  5 111111001000  11 111111001010  7 111111101010  8 111111111010  12 111111111011  10 111111111111
4 101000000000  4 101100000000  11 101111000000  2 111111000000  11 111111000010  7 111111100010  8 111111110010  10 111111110110  9 111111111110  12 111111111111
9 010000100000  10 010101100000  6 110111100000  8 110111110000  12 111111111000  10 111111111100  12 111111111101  11 111111111111  
4 101000000000  7 101000100000  8 111001100000  11 111001100010  9 111111100010  10 111111100110  12 111111100111  9 111111101111  8 111111111111
6 100010000000  9 101011000000  8 101011010000  10 101011010100  6 111111010100  12 111111010101  7 111111110101  9 111111111101  11 111111111111
6 100010000000  5 111010000000  10 111111000000  11 111111000010  12 111111000011  10 111111000111  9 111111001111  8 111111011111  7 111111111111
7 100001000000  8 101011000000  7 101011100000  8 101011110000  6 111111110000  11 111111110010  12 111111110011  9 111111111011  10 111111111111
7 100001000000  8 101011000000  7 101011100000  6 111111100000  11 111111100010  8 111111110010  12 111111110011  10 111111110111  9 111111111111
7 100001000000  3 101001000000  9 111001100000  8 111001110000  12 111001110001  5 111011110001  4 111111110001  9 111111111001  11 111111111011  10 111111111111
11 000011000000  9 100011010000  7 101111010000  11 111111011000  12 111111011001  10 111111011101  7 111111111101  11 111111111111
7 100001000000  6 110101000000  7 110101100000  8 110101110000  10 110101110100  8 111111110100  11 111111110110  9 111111111110  12 111111111111
3 110000000000  9 111001000000  5 111011000000  4 111111000000  8 111111010000  10 111111010100  7 111111110100  9 111111111100  11 111111111110  12 111111111111
10 000101000000  7 010111000000  4 111111000000  7 111111100000  11 111111100010  8 111111110010  9 111111111010  12 111111111011  10 111111111111
5 100100000000  5 100110000000  9 110110100000  8 110110110000  12 111110111000  12 111110111001  6 111111111001  11 111111111011  10 111111111111  
10 000101000000  4 101101000000  7 101101100000  12 111101100100  8 111101110100  11 111101110110  9 111101111110  12 111101111111  5 111111111111
10 000101000000  11 001101010000  7 001101110000  10 101101111000  7 111111111000  11 111111111010  12 111111111011  10 111111111111
6 100010000000  7 100010100000  11 101010110000  11 111010111000  12 111010111001  10 111111111001  11 111111111011  10 111111111111
8 100000100000  8 101010100000  11 111010101000  12 111110111000  10 111110111100  12 111110111101  11 111110111111  6 111111111111
7 100001000000  12 100101010000  10 101101110000  9 101101111000  7 111111111000  11 111111111010  12 111111111011  10 111111111111
8 100000100000  7 110010100000  8 110010110000  7 111110110000  9 111110111000  6 111111111000  10 111111111100  11 111111111110  12 111111111111
10 000101000000  12 000111100000  4 101111100000  10 111111110000  11 111111110010  9 111111111010  10 111111111110  12 111111111111
8 100000100000  7 110010100000  8 110010110000  6 110011110000  7 111111110000  10 111111110100  9 111111111100  11 111111111110  12 111111111111
7 100001000000  5 111001000000  8 111001010000  4 111101010000  7 111101110000  5 111111110000  9 111111111000  10 111111111100  12 111111111101  11 111111111111
7 100001000000  3 101001000000  7 111011000000  4 111111000000  7 111111100000  11 111111100010  12 111111100011  10 111111100111  8 111111110111  9 111111111111
11 000011000000  9 100011010000  9 110011110000  11 110011110010  7 111111110010  12 111111110011  9 111111111011  10 111111111111
9 010000100000  8 011010100000  4 011110100000  10 111110101000  10 111110101100  12 111110101101  8 111110111101  11 111110111111  6 111111111111  
8 100000100000  11 100011100000  8 100011110000  7 101111110000  10 101111110100  12 101111110101  11 111111111101  11 111111111111
5 100100000000  6 100101000000  3 101101000000  7 101101100000  8 101101110000  7 111111110000  10 111111110100  11 111111110110  12 111111110111  9 111111111111
4 101000000000  7 101000100000  6 101001100000  10 111001110000  4 111101110000  11 111101110010  9 111101111010  5 111111111010  10 111111111110  12 111111111111
8 100000100000  4 100100100000  10 110100110000  5 110110110000  12 111110111000  12 111110111001  10 111110111101  6 111111111101  11 111111111111
8 100000100000  11 100011100000  6 110111100000  8 110111110000  12 111111111000  11 111111111010  10 111111111110  12 111111111111
4 101000000000  10 101101000000  7 101101100000  7 111111100000  8 111111110000  9 111111111000  12 111111111001  11 111111111011  10 111111111111
11 000011000000  9 100011010000  5 111011010000  10 111011010100  11 111111110100  12 111111110101  9 111111111101  11 111111111111
11 000011000000  6 010111000000  12 011111001000  9 111111011000  11 111111011010  12 111111011011  7 111111111011  10 111111111111  
5 100100000000  6 100101000000  10 101101100000  7 111111100000  10 111111100100  11 111111100110  9 111111101110  12 111111101111  8 111111111111
11 000011000000  7 001111000000  2 011111000000  10 111111001000  8 111111011000  10 111111011100  7 111111111100  12 111111111101  11 111111111111
8 100000100000  8 101010100000  6 101011100000  10 111011110000  9 111011111000  4 111111111000  10 111111111100  11 111111111110  12 111111111111
7 100001000000  5 111001000000  7 111001100000  8 111001110000  12 111001110001  10 111001110101  11 111001110111  9 111111110111  9 111111111111
