Actual Prob: 0,0036221811360789623
Games: 100000
Wins: 374
Ratio: 0,00374
12 000000000001  11 000000000011  8 000000010011  6 000001010011  8 001011010011  8 101011110011  10 101011110111  9 101011111111  6 111111111111  
5 000010000000  9 000010001000  8 000010011000  7 000010111000  11 000010111010  10 000010111110  3 001010111110  6 001011111110  12 001011111111  7 111111111111  
7 000000100000  8 000000110000  10 000000110100  5 000010110100  9 000010111100  9 001011111100  5 101111111100  12 101111111101  11 101111111111  2 111111111111  
12 000000000001  10 000000000101  8 000000010101  10 100000011101  11 100000011111  6 100001011111  9 110001111111  9 110111111111  3 111111111111  
12 000000000001  7 000000100001  10 000000100101  4 000100100101  9 000100101101  7 010110101101  8 010110111101  9 011111111101  12 111111111111  
10 000000000100  12 000000000101  4 000100000101  7 000100100101  4 101100100101  8 101100110101  9 101100111101  11 101100111111  6 101101111111  7 111111111111  
6 000001000000  7 000001100000  8 000001110000  12 000001110001  10 000001110101  6 010101110101  11 010101110111  6 110111110111  12 111111111111  
11 000000000010  4 000100000010  9 000100001010  9 001101001010  7 001101101010  8 001101111010  7 011111111010  12 011111111011  11 111111111111  
8 000000010000  9 000000011000  6 000001011000  10 000001011100  5 000011011100  8 100011111100  9 111111111100  12 111111111101  11 111111111111  
7 000000100000  4 000100100000  7 010110100000  11 010110100010  12 010110100011  9 010110101011  6 010111101011  12 111111111011  10 111111111111  
9 000000001000  7 000000101000  11 000000101010  10 000000101110  12 000000101111  7 010010101111  6 010011101111  8 010011111111  8 111111111111  
11 000000000010  6 000001000010  12 000001000011  11 100001000111  5 100011000111  8 100011010111  6 110111010111  9 110111011111  10 111111111111  
6 000001000000  12 000001000001  5 000011000001  8 000011010001  4 000111010001  9 000111011001  12 100111011011  7 100111111011  10 100111111111  5 111111111111  
10 000000000100  12 000000000101  8 000000010101  10 100000011101  9 110000111101  11 110000111111  9 111001111111  9 111111111111  
2 010000000000  12 010000000001  6 010001000001  8 010001010001  4 010101010001  9 010101011001  11 010101011011  7 010101111011  4 111101111011  5 111111111011  10 111111111111  
9 000000001000  11 000000001010  12 000000001011  8 000000011011  3 001000011011  10 001000011111  9 011000111111  7 111001111111  9 111111111111  
9 000000001000  12 000000001001  7 000000101001  10 000000101101  4 000100101101  6 000101101101  10 010101111101  11 010101111111  9 111111111111  
8 000000010000  5 000010010000  10 000010010100  4 000110010100  9 000110011100  11 000110011110  5 011110011110  12 011110011111  7 111111011111  7 111111111111  
12 000000000001  10 000000000101  11 000000000111  7 000000100111  9 000000101111  5 000010101111  6 000011101111  5 011011101111  8 011011111111  5 111111111111  
12 000000000001  9 000000001001  12 100000001011  7 100000101011  6 100001101011  7 101101101011  7 111111101011  8 111111111011  10 111111111111  
6 000001000000  12 000001000001  7 000001100001  11 000001100011  8 000001110011  10 000001110111  9 000001111111  10 100111111111  5 111111111111  
7 000000100000  6 000001100000  10 000001100100  7 001101100100  2 011101100100  5 011111100100  9 011111101100  12 011111101101  8 011111111101  12 111111111111  
7 000000100000  7 001100100000  12 001100100001  6 001101100001  11 001101100011  5 001111100011  11 101111100111  8 101111110111  11 111111111111  
11 000000000010  7 000000100010  5 000010100010  9 000010101010  6 000011101010  8 000011111010  9 011111111010  11 111111111110  12 111111111111  
9 000000001000  12 000000001001  5 000010001001  5 011010001001  4 011110001001  6 011111001001  8 011111011001  8 111111111001  10 111111111101  11 111111111111  
6 000001000000  4 000101000000  12 000101000001  6 100111000001  9 100111001001  11 100111001011  9 110111101011  11 111111111011  10 111111111111
11 000000000010  12 000000000011  8 000000010011  10 000000010111  9 000000011111  5 000010011111  5 100110011111  7 100110111111  11 111111111111
6 000001000000  11 000001000010  9 000001001010  8 000001011010  7 000001111010  5 000011111010  12 000011111011  3 001011111011  6 011111111011  11 111111111111
6 000001000000  12 000001000001  9 000001001001  5 000011001001  8 000011011001  4 000111011001  11 000111011011  5 011111011011  7 011111111011  11 111111111111
11 000000000010  10 000000000110  8 000000010110  6 000001010110  9 000001011110  8 100001111110  8 101011111110  6 111111111110  12 111111111111
5 000010000000  9 000010001000  7 000010101000  6 000011101000  11 000011101010  7 001111101010  12 001111101011  11 101111101111  10 111111111111
9 000000001000  5 000010001000  12 000010001001  8 000010011001  5 100110011001  10 100110011101  8 110111011101  11 110111011111  10 111111111111
5 000010000000  9 000010001000  8 000010011000  4 000110011000  10 000110011100  7 000110111100  6 000111111100  12 000111111101  11 000111111111  6 111111111111
12 000000000001  8 000000010001  7 000000110001  11 000000110011  7 001100110011  9 001100111011  10 001100111111  6 001101111111  8 111111111111
12 000000000001  11 000000000011  4 000100000011  5 000110000011  7 000110100011  9 000110101011  8 000110111011  6 000111111011  10 000111111111  6 111111111111
10 000000000100  10 100000001100  12 100000001101  7 100000101101  5 100010101101  4 100110101101  11 100110101111  8 100110111111  5 111110111111  6 111111111111
9 000000001000  12 000000001001  8 000000011001  7 000000111001  11 000000111011  11 100000111111  4 100100111111  11 100111111111  5 111111111111
5 000010000000  9 000010001000  12 000010001001  8 000010011001  7 000010111001  7 001110111001  11 001110111011  7 101111111011  2 111111111011  10 111111111111
12 000000000001  11 000000000011  6 000001000011  8 000001010011  8 001011010011  9 001011011011  2 011011011011  10 011011011111  12 111111111111
2 010000000000  10 010000000100  4 010100000100  7 010100100100  12 010100100101  8 010100110101  9 010100111101  9 011101111101  6 111111111101  11 111111111111
4 000100000000  2 010100000000  11 010100000010  10 010100000110  9 010100001110  11 010111001110  10 011111101110  12 011111101111  9 111111111111
11 000000000010  6 000001000010  4 000101000010  6 100111000010  10 100111000110  8 100111010110  7 100111110110  9 100111111110  12 100111111111  5 111111111111
4 000100000000  5 000110000000  11 000110000010  11 100110000110  9 100110001110  11 101110011110  7 101110111110  12 101110111111  8 111111111111
7 000000100000  8 000000110000  9 000000111000  3 001000111000  6 001001111000  5 001011111000  12 001011111001  11 001011111011  10 001011111111  7 111111111111
5 000010000000  11 000010000010  6 000011000010  3 001011000010  5 101111000010  12 101111000011  10 101111000111  10 111111010111  9 111111011111  7 111111111111
10 000000000100  12 000000000101  9 000000001101  8 000000011101  10 001000111101  7 011010111101  5 111110111101  11 111110111111  6 111111111111
12 000000000001  9 000000001001  7 000000101001  6 000001101001  10 000001101101  5 000011101101  6 010111101101  11 010111101111  8 010111111111  4 111111111111
8 000000010000  12 000000010001  10 000000010101  6 000001010101  7 000001110101  4 000101110101  8 001111110101  9 001111111101  12 101111111111  2 111111111111
12 000000000001  9 000000001001  8 000000011001  6 000001011001  7 000001111001  10 000001111101  11 000001111111  5 000011111111  3 001011111111  7 111111111111
8 000000010000  11 000000010010  6 000001010010  6 010101010010  10 010101010110  8 011111010110  7 011111110110  10 111111111110  12 111111111111
7 000000100000  11 000000100010  12 000000100011  2 010000100011  8 010000110011  10 010000110111  9 010000111111  9 010110111111  10 111111111111
12 000000000001  7 000000100001  9 000000101001  6 000001101001  3 001001101001  4 001101101001  10 001101101101  11 001101101111  8 001101111111  8 111111111111
10 000000000100  7 000000100100  7 001100100100  12 001100100101  5 001110100101  9 001110101101  11 001110101111  8 001110111111  9 111111111111
11 000000000010  10 000000000110  9 000000001110  8 000000011110  9 010000111110  7 110001111110  7 111101111110  12 111101111111  5 111111111111
9 000000001000  10 000000001100  12 000000001101  7 000000101101  7 010010101101  11 010010101111  6 010011101111  8 010011111111  8 111111111111
4 000100000000  6 000101000000  10 000101000100  12 000101000101  11 000101000111  4 101101000111  9 101101001111  8 101101011111  7 101101111111  2 111101111111  5 111111111111
12 000000000001  10 000000000101  8 000000010101  5 000010010101  6 000011010101  8 100011110101  12 101011111101  11 101011111111  6 111111111111
5 000010000000  9 000010001000  12 000010001001  7 000010101001  4 000110101001  7 100111101001  5 111111101001  8 111111111001  10 111111111101  11 111111111111
10 000000000100  7 000000100100  3 001000100100  11 001000100110  12 001000100111  9 001000101111  5 001010101111  6 001011101111  8 001011111111  7 111111111111
8 000000010000  10 000000010100  12 000000010101  6 000001010101  9 000001011101  12 100001011111  6 110101011111  7 110101111111  8 111111111111
6 000001000000  11 000001000010  10 000001000110  11 010001001110  5 010011001110  3 011011001110  9 111011011110  12 111011011111  7 111011111111  4 111111111111
6 000001000000  8 000001010000  7 000001110000  11 000001110010  12 000001110011  8 001011110011  6 011111110011  11 111111110111  9 111111111111
5 000010000000  8 000010010000  11 000010010010  9 000010011010  5 100110011010  10 100110011110  5 111110011110  12 111110011111  6 111111011111  7 111111111111
9 000000001000  7 000000101000  8 000000111000  4 000100111000  4 101100111000  12 101100111001  8 111101111001  5 111111111001  10 111111111101  11 111111111111
10 000000000100  7 000000100100  10 100000101100  12 100000101101  4 100100101101  2 110100101101  8 110100111101  11 110100111111  6 110101111111  8 111111111111
5 000010000000  11 000010000010  5 011010000010  10 011010000110  8 011010010110  12 011010010111  9 011010011111  8 111010111111  10 111111111111
7 000000100000  12 000000100001  6 000001100001  5 000011100001  3 001011100001  7 111111100001  9 111111101001  11 111111101011  10 111111101111  8 111111111111
5 000010000000  9 000010001000  4 000110001000  10 000110001100  6 000111001100  8 000111011100  9 010111111100  4 111111111100  12 111111111101  11 111111111111
8 000000010000  10 000000010100  3 001000010100  10 101000011100  7 101000111100  12 101000111101  8 111001111101  11 111001111111  9 111111111111
11 000000000010  7 000000100010  5 000010100010  10 000010100110  5 011010100110  7 111011100110  12 111011100111  4 111111100111  9 111111101111  8 111111111111
4 000100000000  9 000100001000  11 000100001010  11 100100001110  7 100100101110  5 100110101110  2 110110101110  6 110111101110  8 110111111110  12 110111111111  3 111111111111  
9 000000001000  5 000010001000  11 000010001010  9 001011001010  7 001011101010  8 001011111010  10 001011111110  7 111111111110  12 111111111111
5 000010000000  6 000011000000  12 000011000001  11 000011000011  7 000011100011  11 100011100111  8 100011110111  9 100011111111  7 101111111111  2 111111111111
10 000000000100  9 000000001100  6 000001001100  12 000001001101  10 010001011101  9 010111011101  10 011111111101  12 111111111111
8 000000010000  7 000000110000  6 000001110000  12 000001110001  3 001001110001  9 001001111001  10 001001111101  5 001011111101  7 111111111101  11 111111111111
7 000000100000  7 001100100000  12 001100100001  9 001100101001  11 001100101011  11 101100101111  11 101111101111  10 111111111111
7 000000100000  12 000000100001  7 001100100001  10 001100100101  6 001101100101  8 001101110101  2 011101110101  12 111101110111  9 111101111111  5 111111111111
11 000000000010  10 000000000110  2 010000000110  9 010000001110  8 010000011110  7 010000111110  12 010000111111  9 010110111111  10 111111111111
7 000000100000  8 000000110000  11 000000110010  8 001010110010  12 001010110011  7 101011110011  6 111111110011  9 111111111011  10 111111111111
8 000000010000  8 001010010000  9 001010011000  11 001010011010  8 011011011010  11 111011011110  7 111011111110  4 111111111110  12 111111111111
3 001000000000  12 001000000001  7 001000100001  7 011010100001  7 111011100001  11 111011100011  9 111011101011  4 111111101011  10 111111101111  8 111111111111
11 000000000010  8 000000010010  7 000000110010  9 000000111010  8 010001111010  12 010001111011  10 010001111111  7 011101111111  6 111111111111
6 000001000000  12 000001000001  8 000001010001  7 000001110001  9 000001111001  11 000001111011  5 000011111011  12 010011111111  8 111111111111
2 010000000000  4 010100000000  9 010100001000  8 010100011000  10 010100011100  5 010110011100  6 010111011100  11 010111011110  11 111111111110  12 111111111111
11 000000000010  12 000000000011  4 000100000011  8 000100010011  7 000100110011  6 000101110011  10 000101110111  6 100111110111  9 100111111111  5 111111111111
8 000000010000  12 000000010001  8 001010010001  6 001011010001  12 101011010011  9 101011011011  10 101011011111  4 101111011111  9 111111111111
8 000000010000  9 000000011000  12 000000011001  3 001000011001  10 001000011101  8 011001011101  6 111011011101  11 111011011111  4 111111011111  7 111111111111
3 001000000000  11 001000000010  7 001000100010  4 001100100010  12 001100100011  6 001101100011  5 001111100011  2 011111100011  9 011111101011  9 111111111011  10 111111111111
10 000000000100  4 000100000100  8 000100010100  7 000100110100  4 101100110100  6 101101110100  11 101101110110  11 111101111110  12 111101111111  5 111111111111
12 000000000001  6 000001000001  11 000001000011  10 000001000111  9 000001001111  3 001001001111  7 001001101111  8 001001111111  6 101011111111  6 111111111111
11 000000000010  12 000000000011  8 000000010011  11 100000010111  9 100000011111  8 110001011111  8 111011011111  11 111111111111
5 000010000000  4 000110000000  3 001110000000  12 001110000001  8 001110010001  7 001110110001  8 011111110001  11 011111110011  9 011111111011  11 111111111111
9 000000001000  10 000000001100  7 000000101100  12 000000101101  6 000001101101  11 000001101111  11 001001111111  3 111001111111  9 111111111111
10 000000000100  11 000000000110  7 000000100110  6 000001100110  7 001101100110  9 001101101110  12 001101101111  9 101101111111  7 111111111111
5 000010000000  10 000010000100  12 000010000101  6 000011000101  3 001011000101  11 001011000111  6 011111000111  7 011111100111  8 011111110111  10 111111111111
12 000000000001  3 001000000001  8 001000010001  11 001000010011  4 001100010011  6 001101010011  7 001101110011  7 011111110011  11 111111110111  9 111111111111
11 000000000010  7 000000100010  11 100000100110  8 100000110110  4 100100110110  5 100110110110  12 100110110111  6 100111110111  2 110111110111  12 111111111111
11 000000000010  9 000000001010  4 000100001010  5 000110001010  7 000110101010  4 101110101010  10 101110101110  12 101110101111  8 101110111111  8 111111111111
8 000000010000  12 000000010001  5 000010010001  4 000110010001  11 000110010011  10 000110010111  9 000110011111  6 000111011111  5 011111011111  8 111111111111
11 000000000010  7 000000100010  12 000000100011  9 000000101011  2 010000101011  10 010000101111  3 011000101111  8 011000111111  10 111110111111  6 111111111111
11 000000000010  5 000010000010  5 011010000010  12 011010000011  7 011010100011  4 011110100011  9 011110101011  8 011110111011  6 011111111011  11 111111111111
10 000000000100  6 000001000100  12 000001000101  9 000001001101  7 000001101101  8 000001111101  9 000111111101  5 011111111101  12 111111111111
8 000000010000  5 000010010000  9 000010011000  12 000010011001  7 000010111001  7 001110111001  10 001110111101  12 101110111111  8 111111111111
7 000000100000  5 000010100000  4 000110100000  8 000110110000  10 000110110100  5 011110110100  9 011110111100  12 011110111101  12 111110111111  6 111111111111
7 000000100000  11 000000100010  10 000000100110  5 000010100110  12 000010100111  8 000010110111  6 000011110111  7 001111110111  12 111111111111
7 000000100000  8 000000110000  11 000000110010  10 000000110110  7 001100110110  5 001110110110  12 001110110111  7 101111110111  2 111111110111  9 111111111111
5 000010000000  9 000010001000  11 000010001010  7 000010101010  7 001110101010  12 001110101011  8 001110111011  10 001110111111  9 111111111111
7 000000100000  9 000000101000  12 000000101001  6 000001101001  5 000011101001  4 000111101001  10 000111101101  2 010111101101  12 110111101111  11 111111111111
10 000000000100  11 000000000110  8 000000010110  9 000000011110  12 000000011111  5 000010011111  10 001010111111  7 101011111111  6 111111111111
5 000010000000  9 000010001000  12 000010001001  4 000110001001  6 000111001001  7 000111101001  12 100111101011  3 101111101011  10 101111101111  10 111111111111
6 000001000000  10 000001000100  8 000001010100  9 000001011100  12 000001011101  5 000011011101  11 000011011111  8 100011111111  9 111111111111
3 001000000000  7 001000100000  5 001010100000  10 001010100100  8 001010110100  10 101010111100  6 101011111100  11 101011111110  12 101011111111  6 111111111111
6 000001000000  12 000001000001  9 000001001001  10 000001001101  8 000001011101  12 100001011111  10 101001111111  6 111101111111  5 111111111111
11 000000000010  6 000001000010  10 000001000110  9 000001001110  12 000001001111  4 000101001111  12 000111101111  9 100111111111  5 111111111111
7 000000100000  9 000000101000  2 010000101000  9 110000111000  10 110000111100  11 110000111110  4 110100111110  12 110100111111  6 110101111111  8 111111111111
3 001000000000  9 001000001000  5 001010001000  4 001110001000  11 001110001010  8 001110011010  12 001110011011  8 011111011011  8 111111111011  10 111111111111
11 000000000010  6 000001000010  9 000001001010  11 100001001110  4 100101001110  3 101101001110  8 101101011110  7 101101111110  12 101101111111  7 111111111111
6 000001000000  7 000001100000  7 001101100000  8 001101110000  12 001101110001  6 101111110001  11 101111110011  10 101111110111  11 111111111111
12 000000000001  9 000000001001  10 000000001101  11 000000001111  4 000100001111  10 010100011111  4 111100011111  7 111100111111  11 111111111111
10 000000000100  11 000000000110  6 000001000110  6 010101000110  8 010101010110  12 010101010111  9 010101011111  6 110111011111  10 111111111111
10 000000000100  3 001000000100  11 001000000110  7 001000100110  9 001000101110  9 101000111110  12 101000111111  9 101110111111  8 111111111111
11 000000000010  5 000010000010  10 000010000110  12 000010000111  10 100010001111  7 100010101111  2 110010101111  8 110010111111  4 110110111111  9 111111111111
6 000001000000  10 000001000100  11 000001000110  7 000001100110  8 000001110110  10 100001111110  12 100001111111  8 101011111111  6 111111111111
5 000010000000  8 000010010000  12 000010010001  7 000010110001  7 001110110001  10 001110110101  11 001110110111  10 101110111111  8 111111111111
9 000000001000  12 000000001001  8 000000011001  10 000000011101  6 000001011101  11 000001011111  10 001001111111  5 001011111111  7 111111111111  
7 000000100000  3 001000100000  5 001010100000  9 001010101000  11 001010101010  5 101110101010  10 101110101110  6 101111101110  10 111111111110  12 111111111111
10 000000000100  9 000000001100  11 000000001110  8 000000011110  11 000100111110  11 000111111110  6 111111111110  12 111111111111
7 000000100000  5 000010100000  11 000010100010  10 000010100110  4 000110100110  8 000110110110  3 001110110110  6 001111110110  12 001111110111  12 111111111111
7 000000100000  12 000000100001  9 000000101001  10 000000101101  10 010000111101  9 010110111101  4 111110111101  11 111110111111  6 111111111111
7 000000100000  9 000000101000  5 000010101000  11 000010101010  10 000010101110  8 000010111110  4 000110111110  12 000110111111  7 100111111111  5 111111111111
12 000000000001  8 000000010001  4 000100010001  11 000100010011  3 001100010011  8 011101010011  9 011101011011  10 011101011111  7 011101111111  6 111111111111
3 001000000000  12 001000000001  7 001000100001  5 001010100001  11 001010100011  8 001010110011  9 001010111011  5 101110111011  10 101110111111  8 111111111111
6 000001000000  4 000101000000  11 000101000010  8 000101010010  10 000101010110  8 100101110110  10 111111110110  12 111111110111  9 111111111111
11 000000000010  9 000000001010  12 000000001011  7 000000101011  8 000000111011  9 001001111011  12 011001111111  4 011101111111  6 111111111111
12 000000000001  8 000000010001  6 000001010001  9 000001011001  7 000001111001  7 001101111001  8 111111111001  11 111111111011  10 111111111111
7 000000100000  6 000001100000  4 000101100000  9 000101101000  8 000101111000  12 000101111001  11 000101111011  7 010111111011  4 111111111011  10 111111111111
10 000000000100  12 000000000101  4 000100000101  8 000100010101  11 000100010111  8 010101010111  6 110111010111  7 110111110111  12 111111111111
11 000000000010  5 000010000010  9 000010001010  8 000010011010  7 000010111010  2 010010111010  8 111110111010  10 111110111110  6 111111111110  12 111111111111
5 000010000000  9 000010001000  7 000010101000  12 000010101001  8 000010111001  7 001110111001  11 001110111011  8 011111111011  11 111111111111
12 000000000001  3 001000000001  4 001100000001  11 001100000011  8 001100010011  7 001100110011  7 011110110011  10 011110110111  9 011110111111  7 111111111111
8 000000010000  12 000000010001  6 000001010001  9 000001011001  7 000001111001  10 000001111101  8 001011111101  7 111111111101  11 111111111111
12 000000000001  9 000000001001  10 000000001101  7 000000101101  12 100000101111  2 110000101111  10 110101101111  8 110101111111  8 111111111111
7 000000100000  10 000000100100  8 000000110100  11 000000110110  12 000000110111  9 000000111111  9 001001111111  8 111011111111  4 111111111111
3 001000000000  10 001000000100  9 001000001100  4 001100001100  5 001110001100  6 001111001100  8 001111011100  3 111111011100  12 111111011101  7 111111111101  11 111111111111
6 000001000000  10 000001000100  4 000101000100  5 000111000100  12 000111000101  8 000111010101  9 000111011101  7 000111111101  12 100111111111  5 111111111111
10 000000000100  12 000000000101  4 000100000101  6 000101000101  8 000101010101  11 000101010111  9 000101011111  5 000111011111  9 010111111111  4 111111111111
4 000100000000  11 000100000010  12 000100000011  7 000100100011  9 000100101011  7 010110101011  11 110110101111  9 111111101111  8 111111111111
10 000000000100  8 000000010100  11 000000010110  7 000000110110  7 001100110110  8 011101110110  6 111111110110  12 111111110111  9 111111111111
7 000000100000  9 000000101000  10 000000101100  8 000000111100  9 001001111100  7 011011111100  12 011011111101  11 011011111111  5 111111111111
5 000010000000  12 000010000001  4 000110000001  6 000111000001  9 000111001001  8 000111011001  11 000111011011  6 111111011011  7 111111111011  10 111111111111
10 000000000100  8 000000010100  12 000000010101  11 000000010111  8 001010010111  4 001110010111  10 101110011111  7 101110111111  8 111111111111
10 000000000100  11 000000000110  12 000000000111  10 100000001111  5 100010001111  6 100011001111  7 100011101111  8 100011111111  9 111111111111
12 000000000001  4 000100000001  8 000100010001  11 000100010011  6 000101010011  7 000101110011  11 100101110111  9 100101111111  5 100111111111  5 111111111111
10 000000000100  8 000000010100  6 000001010100  11 000001010110  8 001011010110  6 011111010110  8 111111110110  12 111111110111  9 111111111111
11 000000000010  10 000000000110  12 000000000111  4 000100000111  7 000100100111  8 000100110111  5 000110110111  11 010110111111  10 111111111111
3 001000000000  10 001000000100  5 001010000100  12 001010000101  9 001010001101  10 011010011101  12 111010011111  10 111111011111  7 111111111111
4 000100000000  10 000100000100  7 000100100100  11 000100100110  9 000100101110  5 000110101110  12 000110101111  10 010110111111  10 111111111111
11 000000000010  8 000000010010  10 000000010110  7 000000110110  12 000000110111  9 000000111111  8 001010111111  9 111011111111  4 111111111111
10 000000000100  12 000000000101  4 000100000101  11 000100000111  10 100100001111  10 110100011111  10 111100111111  11 111111111111
12 000000000001  7 000000100001  5 000010100001  11 000010100011  7 001110100011  10 001110100111  8 001110110111  6 001111110111  12 111111111111
12 000000000001  6 000001000001  8 000001010001  5 000011010001  8 100011110001  10 100011110101  6 110111110101  11 110111110111  12 111111111111
10 000000000100  11 000000000110  5 000010000110  12 000010000111  7 000010100111  6 000011100111  11 010011101111  9 110011111111  3 111011111111  4 111111111111
11 000000000010  4 000100000010  9 000100001010  9 001101001010  2 011101001010  8 011101011010  11 111101011110  7 111101111110  5 111111111110  12 111111111111
9 000000001000  12 000000001001  11 000000001011  6 000001001011  8 000001011011  12 010001011111  10 011001111111  10 111111111111
10 000000000100  9 000000001100  3 001000001100  11 001000001110  8 001000011110  6 001001011110  7 001001111110  8 111011111110  12 111011111111  4 111111111111
3 001000000000  5 001010000000  11 001010000010  8 001010010010  10 001010010110  12 001010010111  10 101010011111  7 101010111111  8 111011111111  4 111111111111
8 000000010000  5 000010010000  12 000010010001  7 000010110001  10 000010110101  11 000010110111  10 100010111111  12 110111111111  3 111111111111
8 000000010000  7 000000110000  10 000000110100  6 000001110100  10 100001111100  3 101001111100  4 101101111100  12 101101111101  11 101101111111  7 111111111111
10 000000000100  10 100000001100  3 101000001100  8 101000011100  11 101000011110  10 101101011110  9 111101111110  5 111111111110  12 111111111111
12 000000000001  9 000000001001  6 000001001001  11 000001001011  11 100001001111  5 100011001111  6 110111001111  3 111111001111  7 111111101111  8 111111111111
7 000000100000  12 000000100001  9 000000101001  8 000000111001  10 000000111101  12 100000111111  6 100001111111  7 110011111111  7 111111111111
2 010000000000  5 010010000000  12 010010000001  7 010010100001  11 010010100011  9 010010101011  8 010010111011  6 010011111011  8 111111111011  10 111111111111
11 000000000010  8 000000010010  9 000000011010  7 000000111010  6 000001111010  11 100001111110  3 101001111110  12 101001111111  7 111011111111  4 111111111111
4 000100000000  7 000100100000  4 101100100000  11 101100100010  10 101100100110  6 101101100110  9 101101101110  12 101101101111  10 111101111111  5 111111111111
4 000100000000  6 000101000000  8 000101010000  7 000101110000  11 000101110010  12 000101110011  9 000101111011  10 000101111111  11 111111111111  
4 000100000000  11 000100000010  6 000101000010  7 000101100010  12 000101100011  8 000101110011  5 000111110011  10 000111110111  6 111111110111  9 111111111111
11 000000000010  11 100000000110  6 100001000110  8 100001010110  11 110001011110  12 110001011111  10 111001111111  9 111111111111
12 000000000001  6 000001000001  5 000011000001  11 000011000011  10 000011000111  7 000011100111  9 000011101111  9 100011111111  2 110011111111  7 111111111111
8 000000010000  11 000000010010  7 000000110010  10 000000110110  9 000000111110  3 001000111110  12 001000111111  7 101001111111  11 111111111111
8 000000010000  5 000010010000  9 000010011000  12 000010011001  10 000010011101  11 000010011111  7 000010111111  6 000011111111  4 000111111111  6 111111111111
8 000000010000  6 000001010000  9 000001011000  12 000001011001  6 010101011001  11 010101011011  7 010101111011  8 011111111011  11 111111111111
3 001000000000  6 001001000000  11 001001000010  12 001001000011  6 011101000011  8 011101010011  6 111111010011  9 111111011011  7 111111111011  10 111111111111
12 000000000001  6 000001000001  8 000001010001  12 100001010011  11 110001011011  10 110001011111  9 110111011111  10 111111111111
11 000000000010  5 000010000010  9 000010001010  10 000010001110  7 000010101110  9 100010111110  12 100010111111  4 100110111111  11 111111111111
12 000000000001  11 000000000011  5 000010000011  10 000010000111  7 000010100111  6 000011100111  11 010011101111  9 110011111111  7 111111111111
11 000000000010  9 000000001010  12 000000001011  8 000000011011  5 000010011011  7 000010111011  7 001110111011  11 101110111111  8 111111111111
11 000000000010  4 000100000010  9 000100001010  11 100100001110  7 100100101110  12 100100101111  9 101101101111  5 101111101111  10 111111111111
10 000000000100  7 000000100100  12 000000100101  5 000010100101  6 000011100101  9 000011101101  8 000011111101  11 000011111111  10 111111111111
11 000000000010  6 000001000010  7 000001100010  11 100001100110  9 100001101110  9 100111101110  12 100111101111  5 111111101111  8 111111111111
8 000000010000  10 000000010100  6 000001010100  10 100001011100  2 110001011100  12 110001011101  11 110001011111  9 110111011111  10 111111111111
12 000000000001  4 000100000001  6 000101000001  6 100111000001  7 100111100001  11 100111100011  3 101111100011  8 101111110011  9 101111111011  12 111111111111
9 000000001000  12 000000001001  7 000000101001  5 000010101001  11 000010101011  7 001110101011  9 101110111011  10 101110111111  8 111111111111
7 000000100000  4 000100100000  12 000100100001  10 000100100101  3 001100100101  8 001100110101  12 101100110111  9 101100111111  6 101101111111  7 111111111111
9 000000001000  4 000100001000  12 000100001001  11 000100001011  10 000100001111  7 000100101111  9 100100111111  6 100101111111  10 111111111111
7 000000100000  3 001000100000  11 001000100010  4 001100100010  12 001100100011  8 001100110011  6 001101110011  9 001101111011  8 111111111011  10 111111111111
5 000010000000  4 000110000000  11 000110000010  6 000111000010  12 000111000011  6 111111000011  10 111111000111  9 111111001111  7 111111101111  8 111111111111
2 010000000000  8 010000010000  5 010010010000  5 110110010000  9 110110011000  11 110110011010  12 110110011011  10 110110011111  10 111110111111  6 111111111111
7 000000100000  3 001000100000  6 001001100000  11 001001100010  8 001001110010  10 001001110110  12 001001110111  9 001001111111  5 001011111111  4 001111111111  3 111111111111
9 000000001000  8 000000011000  11 000000011010  10 000000011110  4 000100011110  5 000110011110  12 000110011111  12 111111011111  7 111111111111
9 000000001000  12 000000001001  10 000000001101  9 001001001101  5 001011001101  5 101111001101  8 101111011101  11 101111011111  9 111111111111
8 000000010000  8 001010010000  7 001010110000  9 001010111000  11 001010111010  8 011011111010  12 011011111011  10 011011111111  5 111111111111
4 000100000000  2 010100000000  11 010100000010  12 010100000011  10 010100000111  5 010110000111  10 110110001111  6 110111001111  10 111111101111  8 111111111111
12 000000000001  6 000001000001  11 000001000011  8 000001010011  8 001011010011  6 011111010011  9 011111011011  11 111111011111  7 111111111111
11 000000000010  9 000000001010  10 000000001110  6 000001001110  8 000001011110  5 000011011110  5 011011011110  4 011111011110  12 011111011111  8 111111111111
11 000000000010  11 100000000110  9 100000001110  3 101000001110  6 101001001110  11 101101101110  7 111111101110  12 111111101111  8 111111111111
11 000000000010  8 000000010010  6 000001010010  10 000001010110  6 010101010110  3 011101010110  9 011101011110  7 011101111110  6 111111111110  12 111111111111
12 000000000001  9 000000001001  11 000000001011  12 010000001111  7 010000101111  7 011100101111  8 011100111111  12 111111111111
6 000001000000  10 000001000100  11 000001000110  3 001001000110  12 001001000111  9 001001001111  5 001011001111  8 001011011111  8 101011111111  6 111111111111
7 000000100000  10 000000100100  6 000001100100  12 000001100101  5 000011100101  6 010111100101  11 010111100111  11 011111110111  10 111111111111
5 000010000000  9 000010001000  12 000010001001  12 100010001011  10 100010001111  8 100010011111  6 100011011111  7 100011111111  7 101111111111  2 111111111111
11 000000000010  3 001000000010  4 001100000010  6 001101000010  5 001111000010  12 001111000011  10 001111000111  8 001111010111  7 001111110111  12 111111111111
9 000000001000  9 100000011000  10 100000011100  6 100001011100  6 110101011100  5 110111011100  10 111111111100  12 111111111101  11 111111111111
9 000000001000  9 100000011000  7 100000111000  12 100000111001  11 100000111011  4 100100111011  12 110100111111  5 110110111111  9 111111111111
9 000000001000  7 000000101000  7 001100101000  12 001100101001  10 001100101101  8 001100111101  11 001100111111  5 001110111111  9 111111111111
9 000000001000  9 100000011000  11 100000011010  5 100010011010  12 100010011011  6 100011011011  4 100111011011  7 100111111011  5 111111111011  10 111111111111
11 000000000010  11 100000000110  12 100000000111  9 100000001111  8 100000011111  8 110001011111  11 110101111111  8 111111111111
6 000001000000  9 000001001000  12 000001001001  10 000001001101  11 000001001111  7 000001101111  11 001001111111  7 111101111111  5 111111111111
10 000000000100  11 000000000110  8 000000010110  9 000000011110  12 000000011111  7 000000111111  5 000010111111  11 100111111111  5 111111111111
7 000000100000  8 000000110000  6 000001110000  5 000011110000  6 010111110000  9 010111111000  10 010111111100  11 010111111110  4 111111111110  12 111111111111
6 000001000000  6 010101000000  10 010101000100  3 011101000100  9 011101001100  5 011111001100  11 011111001110  12 011111001111  9 111111011111  7 111111111111
6 000001000000  10 000001000100  8 000001010100  12 000001010101  12 100001010111  9 100001011111  7 100001111111  5 100011111111  9 111111111111
11 000000000010  12 000000000011  10 000000000111  7 000000100111  11 010000101111  6 010001101111  8 010001111111  10 110111111111  3 111111111111
12 000000000001  7 000000100001  11 000000100011  10 000000100111  9 000000101111  2 010000101111  8 010000111111  6 010001111111  5 010011111111  8 111111111111
11 000000000010  9 000000001010  7 000000101010  12 000000101011  10 000000101111  7 010010101111  8 010010111111  11 110111111111  3 111111111111
4 000100000000  12 000100000001  11 000100000011  7 000100100011  12 010100100111  6 010101100111  6 110111100111  9 110111101111  11 111111111111
6 000001000000  10 000001000100  12 000001000101  7 000001100101  3 001001100101  8 001001110101  4 001101110101  9 001101111101  7 011111111101  12 111111111111
6 000001000000  12 000001000001  8 000001010001  2 010001010001  11 010001010011  5 010011010011  7 010011110011  11 110011110111  7 111111110111  9 111111111111
6 000001000000  12 000001000001  6 010101000001  7 010101100001  8 010101110001  10 010101110101  9 010101111101  11 010101111111  9 111111111111
10 000000000100  5 000010000100  11 000010000110  12 000010000111  6 000011000111  2 010011000111  7 010011100111  4 010111100111  10 110111101111  11 111111111111  
7 000000100000  8 000000110000  8 001010110000  12 001010110001  10 001010110101  11 001010110111  11 011010111111  4 011110111111  7 111111111111
7 000000100000  11 000000100010  12 000000100011  6 000001100011  3 001001100011  8 001001110011  4 001101110011  6 101111110011  9 101111111011  12 111111111111
8 000000010000  2 010000010000  11 010000010010  4 010100010010  11 110100010110  3 111100010110  9 111100011110  11 111111011110  12 111111011111  7 111111111111
12 000000000001  10 000000000101  6 000001000101  12 100001000111  7 100001100111  8 100001110111  7 101101110111  7 111111110111  9 111111111111
12 000000000001  6 000001000001  7 000001100001  5 000011100001  8 000011110001  11 000011110011  9 000011111011  10 000011111111  8 101111111111  2 111111111111
8 000000010000  11 000000010010  3 001000010010  7 001000110010  11 101000110110  2 111000110110  12 111000110111  6 111001110111  4 111101110111  5 111111110111  9 111111111111
10 000000000100  10 100000001100  2 110000001100  9 110110001100  7 110110101100  9 111111101100  11 111111101110  8 111111111110  12 111111111111
12 000000000001  5 000010000001  5 011010000001  10 011010000101  9 011010001101  6 011011001101  7 011011101101  11 011011101111  9 111011111111  4 111111111111
10 000000000100  7 000000100100  7 001100100100  9 001100101100  12 001100101101  11 001100101111  7 011110101111  8 011110111111  7 111111111111
10 000000000100  7 000000100100  12 000000100101  12 100000100111  6 100001100111  3 101001100111  8 101001110111  9 101001111111  4 101101111111  7 111111111111
8 000000010000  3 001000010000  9 001000011000  11 001000011010  12 001000011011  11 101000011111  5 101010011111  9 111010111111  4 111110111111  6 111111111111
9 000000001000  9 100000011000  9 110000111000  6 110001111000  11 110001111010  3 111001111010  10 111001111110  9 111111111110  12 111111111111
7 000000100000  8 000000110000  5 000010110000  6 000011110000  3 001011110000  7 111111110000  11 111111110010  12 111111110011  10 111111110111  9 111111111111
11 000000000010  10 000000000110  8 000000010110  12 000000010111  9 000000011111  2 010000011111  6 010001011111  9 010111011111  11 111111111111
12 000000000001  6 000001000001  10 000001000101  9 000001001101  8 000001011101  11 000001011111  7 000001111111  7 001101111111  8 111111111111
11 000000000010  7 000000100010  12 000000100011  8 000000110011  2 010000110011  4 010100110011  5 010110110011  10 010110110111  7 110111110111  12 111111111111
12 000000000001  11 000000000011  8 000000010011  3 001000010011  5 001010010011  6 001011010011  7 001011110011  9 001011111011  5 101111111011  12 111111111111
12 000000000001  11 000000000011  11 100000000111  4 100100000111  6 100101000111  7 100101100111  8 100101110111  8 101111110111  2 111111110111  9 111111111111
9 000000001000  6 000001001000  9 100001011000  11 100001011010  12 100001011011  8 101011011011  6 111111011011  10 111111011111  7 111111111111
10 000000000100  5 000010000100  11 000010000110  12 000010000111  6 000011000111  7 000011100111  7 001111100111  10 101111101111  10 111111111111
6 000001000000  7 000001100000  10 000001100100  12 000001100101  8 000001110101  11 000001110111  6 010101110111  9 010101111111  9 111111111111
5 000010000000  12 000010000001  4 000110000001  8 000110010001  10 000110010101  11 000110010111  8 010111010111  3 011111010111  9 011111011111  8 111111111111
8 000000010000  10 000000010100  7 000000110100  6 000001110100  12 000001110101  9 000001111101  11 000001111111  7 001101111111  8 111111111111
6 000001000000  6 010101000000  12 010101000001  7 010101100001  6 110111100001  11 110111100011  8 110111110011  12 111111111011  10 111111111111
12 000000000001  8 000000010001  10 000000010101  11 000000010111  5 000010010111  8 100010110111  7 101110110111  8 111111110111  9 111111111111
10 000000000100  4 000100000100  5 000110000100  12 000110000101  11 000110000111  7 000110100111  8 000110110111  2 010110110111  9 010110111111  3 011110111111  7 111111111111
7 000000100000  8 000000110000  6 000001110000  4 000101110000  6 100111110000  10 100111110100  11 100111110110  3 101111110110  11 111111111110  12 111111111111
10 000000000100  5 000010000100  12 000010000101  11 000010000111  9 000010001111  6 000011001111  11 001011011111  6 011111011111  8 111111111111
8 000000010000  12 000000010001  9 000000011001  4 000100011001  8 001110011001  10 001110011101  7 001110111101  7 101111111101  11 101111111111  2 111111111111
11 000000000010  9 000000001010  7 000000101010  10 000000101110  12 000000101111  8 000000111111  7 100001111111  5 100011111111  7 101111111111  2 111111111111
10 000000000100  11 000000000110  9 000000001110  7 000000101110  6 000001101110  12 000001101111  10 010001111111  6 110011111111  7 111111111111
4 000100000000  10 000100000100  8 000100010100  9 000100011100  11 000100011110  5 000110011110  7 000110111110  7 100111111110  12 100111111111  5 111111111111
12 000000000001  5 000010000001  10 000010000101  7 000010100101  6 000011100101  4 000111100101  8 000111110101  6 111111110101  9 111111111101  11 111111111111
11 000000000010  10 000000000110  8 000000010110  12 000000010111  9 000000011111  5 000010011111  7 000010111111  9 001011111111  7 111111111111
10 000000000100  11 000000000110  8 000000010110  10 100000011110  6 100001011110  10 101001111110  2 111001111110  12 111001111111  9 111111111111
8 000000010000  12 000000010001  7 000000110001  6 000001110001  8 001011110001  7 111111110001  10 111111110101  9 111111111101  11 111111111111
6 000001000000  11 000001000010  10 000001000110  8 000001010110  7 000001110110  12 000001110111  8 001011110111  12 111011111111  4 111111111111
10 000000000100  6 000001000100  11 000001000110  6 010101000110  9 010101001110  7 010101101110  8 010101111110  9 111111111110  12 111111111111
8 000000010000  6 000001010000  3 001001010000  12 001001010001  9 001001011001  10 001001011101  11 001001011111  11 001101111111  8 111111111111
11 000000000010  12 000000000011  3 001000000011  7 001000100011  10 001000100111  8 001000110111  7 011010110111  5 111110110111  9 111110111111  6 111111111111
5 000010000000  7 000010100000  12 000010100001  3 001010100001  10 001010100101  7 101011100101  11 101011100111  9 101011101111  4 101111101111  10 111111111111
10 000000000100  6 000001000100  11 000001000110  9 000001001110  5 000011001110  6 010111001110  8 010111011110  12 010111011111  8 110111111111  3 111111111111
5 000010000000  12 000010000001  10 000010000101  11 000010000111  6 000011000111  8 000011010111  9 000011011111  10 001011111111  4 001111111111  3 111111111111
8 000000010000  7 000000110000  6 000001110000  10 000001110100  9 000001111100  12 000001111101  6 010101111101  8 011111111101  12 111111111111
5 000010000000  12 000010000001  8 000010010001  11 000010010011  7 000010110011  11 100010110111  5 111010110111  10 111111110111  9 111111111111
7 000000100000  8 000000110000  12 000000110001  10 000000110101  6 000001110101  5 000011110101  7 001111110101  12 101111110111  11 111111111111
7 000000100000  6 000001100000  9 000001101000  12 000001101001  6 100011101001  11 100011101011  8 100011111011  9 111111111011  10 111111111111
9 000000001000  6 000001001000  7 000001101000  10 000001101100  3 001001101100  8 001001111100  5 001011111100  11 001011111110  7 111111111110  12 111111111111
11 000000000010  5 000010000010  6 000011000010  8 000011010010  7 000011110010  9 000011111010  9 011111111010  12 011111111011  11 111111111111
9 000000001000  5 000010001000  8 000010011000  6 000011011000  11 000011011010  8 100011111010  10 100011111110  12 100011111111  4 100111111111  5 111111111111
9 000000001000  8 000000011000  7 000000111000  6 000001111000  6 010101111000  10 010101111100  12 010101111101  8 011111111101  12 111111111111
10 000000000100  8 000000010100  2 010000010100  11 010000010110  7 010000110110  6 010001110110  7 011101110110  12 011101110111  5 011111110111  10 111111111111
8 000000010000  12 000000010001  7 000000110001  10 000000110101  10 100000111101  6 100001111101  6 110101111101  8 111111111101  11 111111111111
7 000000100000  5 000010100000  10 000010100100  11 000010100110  8 000010110110  12 000010110111  11 010010111111  10 111011111111  4 111111111111
5 000010000000  7 000010100000  8 000010110000  11 000010110010  12 000010110011  9 000010111011  8 010011111011  5 110111111011  10 110111111111  3 111111111111  
10 000000000100  9 000000001100  6 000001001100  4 000101001100  8 000101011100  2 010101011100  6 110111011100  12 110111011101  10 111111111101  11 111111111111
7 000000100000  10 000000100100  7 001100100100  6 001101100100  8 001101110100  11 001101110110  6 101111110110  12 101111110111  11 111111111111
4 000100000000  9 000100001000  9 001101001000  11 001101001010  8 001101011010  12 001101011011  10 001101011111  8 101101111111  7 111111111111
9 000000001000  8 000000011000  7 000000111000  11 000000111010  11 100000111110  11 100011111110  12 100011111111  9 111111111111
12 000000000001  3 001000000001  5 001010000001  11 001010000011  5 101110000011  6 101111000011  9 101111001011  10 101111001111  9 111111101111  8 111111111111
8 000000010000  8 001010010000  11 001010010010  12 001010010011  9 001010011011  10 001010011111  9 011010111111  4 011110111111  7 111111111111
9 000000001000  12 000000001001  10 000000001101  6 000001001101  12 100001001111  6 110101001111  8 110101011111  12 110111111111  3 111111111111
11 000000000010  8 000000010010  8 001010010010  10 001010010110  9 001010011110  4 001110011110  9 111111011110  12 111111011111  7 111111111111
4 000100000000  6 000101000000  5 000111000000  11 000111000010  8 000111010010  10 000111010110  3 001111010110  11 011111011110  12 011111011111  8 111111111111
8 000000010000  9 000000011000  11 000000011010  11 100000011110  5 100010011110  12 100010011111  4 100110011111  8 110111011111  10 111111111111
10 000000000100  9 000000001100  11 000000001110  9 100000011110  5 100010011110  7 100010111110  4 100110111110  6 100111111110  12 100111111111  5 111111111111
5 000010000000  7 000010100000  7 001110100000  8 001110110000  9 001110111000  11 001110111010  10 001110111110  3 111110111110  6 111111111110  12 111111111111
6 000001000000  12 000001000001  11 000001000011  7 000001100011  12 010001100111  8 010001110111  5 010011110111  9 010011111111  8 111111111111
10 000000000100  8 000000010100  6 000001010100  11 000001010110  6 010101010110  9 010101011110  8 110101111110  8 111111111110  12 111111111111
8 000000010000  9 000000011000  10 000000011100  7 000000111100  11 000000111110  11 000011111110  12 000011111111  10 111111111111
9 000000001000  10 000000001100  8 000000011100  12 000000011101  6 000001011101  12 100001011111  7 100001111111  5 100011111111  7 101111111111  2 111111111111
10 000000000100  7 000000100100  9 000000101100  7 010010101100  4 010110101100  7 110111101100  8 110111111100  11 110111111110  12 110111111111  3 111111111111
7 000000100000  12 000000100001  9 000000101001  9 100000111001  10 100000111101  11 100000111111  11 100011111111  9 111111111111
9 000000001000  7 000000101000  4 000100101000  4 101100101000  7 111110101000  11 111110101010  12 111110101011  10 111110101111  6 111111101111  8 111111111111
2 010000000000  8 010000010000  5 010010010000  11 010010010010  4 010110010010  11 110110010110  7 110110110110  9 110110111110  12 110110111111  9 111111111111
8 000000010000  8 001010010000  5 101110010000  6 101111010000  12 101111010001  11 101111010011  9 101111011011  9 111111111011  10 111111111111
12 000000000001  11 000000000011  10 000000000111  8 000000010111  7 000000110111  11 010000111111  8 011010111111  11 111111111111
9 000000001000  7 000000101000  8 000000111000  5 000010111000  12 000010111001  10 000010111101  8 010011111101  8 111111111101  11 111111111111
8 000000010000  5 000010010000  9 000010011000  5 100110011000  3 101110011000  12 101110011001  10 101110011101  11 101110011111  9 111110111111  6 111111111111
7 000000100000  12 000000100001  4 000100100001  8 000100110001  10 000100110101  4 101100110101  7 111110110101  9 111110111101  11 111110111111  6 111111111111
10 000000000100  11 000000000110  9 000000001110  3 001000001110  12 001000001111  6 001001001111  10 011001011111  8 111001111111  9 111111111111
10 000000000100  10 100000001100  11 100000001110  5 100010001110  6 100011001110  7 100011101110  11 101011111110  6 111111111110  12 111111111111
7 000000100000  10 000000100100  12 000000100101  11 000000100111  6 000001100111  5 000011100111  10 100011101111  8 100011111111  9 111111111111
6 000001000000  2 010001000000  3 011001000000  5 011011000000  11 011011000010  10 011011000110  12 011011000111  9 011011001111  9 111011011111  11 111111111111
7 000000100000  8 000000110000  5 000010110000  7 001110110000  9 001110111000  12 001110111001  10 001110111101  12 101110111111  8 111111111111
8 000000010000  11 000000010010  5 000010010010  6 000011010010  12 000011010011  12 010011010111  9 010011011111  7 010011111111  8 111111111111
7 000000100000  10 000000100100  6 000001100100  10 100001101100  12 100001101101  5 100011101101  9 111111101101  8 111111111101  11 111111111111
8 000000010000  8 001010010000  9 001010011000  11 001010011010  9 011010111010  11 111010111110  12 111010111111  6 111011111111  4 111111111111
10 000000000100  9 000000001100  7 000000101100  8 000000111100  6 000001111100  12 000001111101  11 000001111111  6 100011111111  9 111111111111
7 000000100000  8 000000110000  12 000000110001  9 000000111001  11 000000111011  12 010000111111  7 110001111111  12 111111111111
6 000001000000  7 000001100000  8 000001110000  6 010101110000  8 011111110000  11 011111110010  12 011111110011  10 111111111011  10 111111111111
8 000000010000  12 000000010001  5 000010010001  11 000010010011  6 000011010011  6 010111010011  11 110111010111  9 110111011111  10 111111111111
6 000001000000  11 000001000010  7 000001100010  4 000101100010  11 100101100110  9 100101101110  3 101101101110  12 101101101111  5 101111101111  10 111111111111
12 000000000001  11 000000000011  11 100000000111  3 101000000111  5 101010000111  8 101010010111  10 101111010111  11 111111011111  7 111111111111
4 000100000000  6 000101000000  9 000101001000  7 000101101000  5 000111101000  12 000111101001  5 011111101001  10 011111101101  11 011111101111  9 111111111111
6 000001000000  10 000001000100  7 000001100100  4 000101100100  3 001101100100  12 001101100101  10 101101101101  11 101101101111  10 111101111111  5 111111111111
9 000000001000  10 000000001100  3 001000001100  2 011000001100  5 011010001100  8 011010011100  12 011010011101  8 111010111101  6 111011111101  11 111011111111  4 111111111111
7 000000100000  11 000000100010  11 100000100110  11 110000101110  11 111000111110  12 111000111111  6 111001111111  4 111101111111  5 111111111111
7 000000100000  9 000000101000  12 000000101001  3 001000101001  11 001000101011  11 101000101111  8 101000111111  7 111010111111  10 111111111111
4 000100000000  5 000110000000  12 000110000001  10 000110000101  8 000110010101  10 100110011101  9 110110111101  9 111111111101  11 111111111111
11 000000000010  12 000000000011  10 000000000111  5 000010000111  12 001010001111  7 001010101111  8 001010111111  5 101110111111  8 111111111111
7 000000100000  5 000010100000  3 001010100000  3 111010100000  11 111010100010  9 111010101010  6 111011101010  10 111011101110  12 111011101111  4 111111101111  8 111111111111
12 000000000001  7 000000100001  8 000000110001  10 000000110101  5 000010110101  8 010011110101  11 010011110111  8 111111110111  9 111111111111
6 000001000000  12 000001000001  10 000001000101  5 000011000101  11 000011000111  10 100011001111  8 100011011111  5 111011011111  11 111111111111
11 000000000010  11 100000000110  4 100100000110  12 100100000111  6 100101000111  10 110101010111  8 111111010111  7 111111110111  9 111111111111
7 000000100000  9 000000101000  12 000000101001  5 000010101001  5 011010101001  6 011011101001  10 011011101101  4 011111101101  12 111111101111  8 111111111111
3 001000000000  7 001000100000  12 001000100001  4 001100100001  9 001100101001  8 001100111001  7 011110111001  12 111110111011  10 111110111111  6 111111111111
9 000000001000  10 000000001100  8 000000011100  7 000000111100  4 000100111100  11 000100111110  7 010110111110  7 110111111110  12 110111111111  3 111111111111
11 000000000010  12 000000000011  6 000001000011  7 000001100011  10 000001100111  7 001101100111  10 101101101111  7 111111101111  8 111111111111
7 000000100000  12 000000100001  9 000000101001  10 000000101101  8 000000111101  8 010001111101  4 010101111101  9 111111111101  11 111111111111
2 010000000000  12 010000000001  10 010000000101  6 010001000101  5 010011000101  5 110111000101  3 111111000101  7 111111100101  8 111111110101  9 111111111101  11 111111111111
8 000000010000  12 000000010001  10 000000010101  9 000000011101  3 001000011101  7 001000111101  12 101000111111  5 101010111111  12 111111111111
2 010000000000  11 010000000010  8 010000010010  10 010000010110  5 010010010110  10 110010011110  9 111011011110  11 111111111110  12 111111111111
7 000000100000  10 000000100100  6 000001100100  11 000001100110  9 000001101110  5 000011101110  3 001011101110  12 001011101111  5 101111101111  10 111111111111
5 000010000000  10 000010000100  6 000011000100  7 000011100100  8 000011110100  12 000011110101  8 101111110101  11 101111110111  11 111111111111
7 000000100000  4 000100100000  8 000100110000  12 000100110001  11 000100110011  10 000100110111  10 100100111111  8 110101111111  8 111111111111
8 000000010000  9 000000011000  10 000000011100  11 000000011110  4 000100011110  12 000100011111  7 000100111111  6 000101111111  4 101101111111  7 111111111111
8 000000010000  5 000010010000  4 000110010000  3 001110010000  9 001110011000  9 011110111000  11 011110111010  10 011110111110  7 111111111110  12 111111111111
8 000000010000  8 001010010000  6 001011010000  7 001011110000  11 001011110010  7 111111110010  9 111111111010  10 111111111110  12 111111111111
6 000001000000  7 000001100000  12 000001100001  3 001001100001  5 001011100001  12 101011100011  11 111011101011  8 111011111011  10 111011111111  4 111111111111
5 000010000000  5 011010000000  8 011010010000  6 011011010000  9 011011011000  11 011011011010  10 011011011110  5 111111011110  7 111111111110  12 111111111111
5 000010000000  10 000010000100  4 000110000100  11 000110000110  7 000110100110  9 000110101110  11 001110111110  12 001110111111  9 111111111111
6 000001000000  10 000001000100  12 000001000101  10 100001001101  11 100001001111  5 100011001111  9 110011101111  7 111111101111  8 111111111111
11 000000000010  6 000001000010  7 000001100010  7 001101100010  8 001101110010  6 101111110010  12 101111110011  10 101111110111  11 111111111111
8 000000010000  9 000000011000  12 000000011001  8 001010011001  11 001010011011  10 001010011111  9 011010111111  5 111110111111  6 111111111111
11 000000000010  4 000100000010  11 100100000110  9 100100001110  8 100100011110  12 100100011111  8 101110011111  7 101110111111  8 111111111111
7 000000100000  10 000000100100  8 000000110100  12 000000110101  5 000010110101  8 010011110101  9 010011111101  11 010011111111  8 111111111111
11 000000000010  6 000001000010  4 000101000010  3 001101000010  7 001101100010  9 001101101010  10 001101101110  9 101101111110  7 111111111110  12 111111111111
7 000000100000  10 000000100100  3 001000100100  7 011010100100  11 011010100110  8 011010110110  6 011011110110  9 011011111110  12 011011111111  5 111111111111
8 000000010000  5 000010010000  11 000010010010  11 100010010110  3 101010010110  10 101111010110  12 101111010111  11 111111011111  7 111111111111
12 000000000001  5 000010000001  6 000011000001  7 000011100001  12 100011100011  10 100011100111  8 100011110111  9 100011111111  5 111011111111  4 111111111111
3 001000000000  8 001000010000  6 001001010000  9 001001011000  10 001001011100  10 111001111100  5 111011111100  12 111011111101  11 111011111111  4 111111111111
12 000000000001  4 000100000001  8 000100010001  9 000100011001  6 000101011001  5 000111011001  10 000111011101  7 000111111101  2 010111111101  11 010111111111  4 111111111111
6 000001000000  8 000001010000  6 010101010000  5 010111010000  11 010111010010  9 010111011010  7 010111111010  12 010111111011  10 010111111111  4 111111111111
6 000001000000  10 000001000100  4 000101000100  9 000101001100  12 000101001101  12 100101001111  10 110101011111  7 110101111111  5 110111111111  3 111111111111
5 000010000000  10 000010000100  4 000110000100  12 000110000101  9 000110001101  10 010110011101  9 011111011101  8 111111111101  11 111111111111
7 000000100000  6 000001100000  8 000001110000  9 000001111000  10 000001111100  12 000001111101  11 000001111111  8 001011111111  7 111111111111
10 000000000100  4 000100000100  8 000100010100  4 101100010100  8 111101010100  11 111101010110  12 111101010111  9 111101011111  7 111101111111  5 111111111111
7 000000100000  5 000010100000  7 001110100000  10 001110100100  9 001110101100  9 101110111100  11 101110111110  8 111111111110  12 111111111111
10 000000000100  9 000000001100  8 000000011100  11 000000011110  3 001000011110  9 011000111110  7 111001111110  12 111001111111  9 111111111111
8 000000010000  7 000000110000  9 000000111000  8 010001111000  10 010001111100  6 110011111100  11 110011111110  7 111111111110  12 111111111111
11 000000000010  8 000000010010  10 000000010110  5 000010010110  7 000010110110  12 000010110111  9 000010111111  6 000011111111  10 111111111111
7 000000100000  9 000000101000  12 000000101001  8 000000111001  4 000100111001  10 000100111101  9 001101111101  7 011111111101  12 111111111111
8 000000010000  7 000000110000  9 000000111000  12 000000111001  5 000010111001  7 001110111001  9 111111111001  10 111111111101  11 111111111111
7 000000100000  3 001000100000  12 001000100001  5 001010100001  7 101011100001  10 101011100101  11 101011100111  4 101111100111  11 111111101111  8 111111111111
