Prob: 9,936984829184316E-05
Games: 1000000
Wins: 101
Ratio: 0,000101
5 100100000000  3 101100000000  12 101110100000  11 111110101000  6 111111101000  10 111111101100  8 111111111100  11 111111111110  12 111111111111  
10 000101000000  7 010111000000  4 111111000000  9 111111001000  12 111111001001  10 111111001101  8 111111011101  7 111111111101  11 111111111111  
5 100100000000  7 100100100000  7 110110100000  3 111110100000  12 111110100001  11 111110100011  6 111111100011  8 111111110011  9 111111111011  10 111111111111  
6 000001000000  4 000101000000  5 000111000000  5 011111000000  7 011111100000  8 011111110000  10 111111111000  12 111111111001  11 111111111011  10 111111111111  
9 110001000000  8 111011000000  12 111111010000  9 111111011000  12 111111011001  10 111111011101  11 111111011111  7 111111111111  
8 110010000000  4 110110000000  9 111111000000  9 111111001000  8 111111011000  12 111111011001  10 111111011101  7 111111111101  11 111111111111  
10 000101000000  5 000111000000  10 001111100000  12 111111101000  8 111111111000  11 111111111010  10 111111111110  12 111111111111  
10 000101000000  7 010111000000  9 110111010000  10 111111110000  10 111111110100  12 111111110101  11 111111110111  9 111111111111  
9 110001000000  11 110101100000  3 111101100000  12 111101100001  10 111101100101  11 111101100111  5 111111100111  8 111111110111  9 111111111111  
6 000001000000  9 010001100000  3 011001100000  11 111001100100  11 111001100110  9 111001101110  8 111001111110  9 111111111110  12 111111111111  
10 000101000000  9 010101100000  4 111101100000  12 111101100001  8 111101110001  5 111111110001  9 111111111001  10 111111111101  11 111111111111  
3 110000000000  5 110010000000  10 110111000000  9 110111001000  12 110111001001  8 110111011001  11 110111011011  7 110111111011  3 111111111011  10 111111111111  
8 110010000000  12 110110010000  9 111111010000  7 111111110000  11 111111110010  10 111111110110  9 111111111110  12 111111111111  
7 000000100000  7 110100100000  10 110100100100  5 110110100100  3 111110100100  9 111110101100  11 111110101110  12 111110101111  6 111111101111  8 111111111111  
4 101000000000  5 101010000000  7 101010100000  10 101111100000  10 111111110000  9 111111111000  12 111111111001  10 111111111101  11 111111111111  
5 100100000000  5 100110000000  5 111110000000  10 111110000100  12 111110000101  7 111110100101  9 111110101101  11 111110101111  6 111111101111  8 111111111111  
5 100100000000  12 100110100000  9 101111100000  11 111111101000  10 111111101100  12 111111101101  8 111111111101  11 111111111111  
8 110010000000  4 110110000000  9 111111000000  8 111111010000  11 111111010010  12 111111010011  9 111111011011  10 111111011111  7 111111111111  
11 100101000000  8 100101010000  10 101101110000  5 101111110000  12 111111110100  12 111111110101  11 111111110111  9 111111111111  
7 000000100000  9 101010100000  9 101010101000  10 101111101000  10 111111111000  11 111111111010  10 111111111110  12 111111111111  
4 101000000000  10 101101000000  5 101111000000  9 111111100000  11 111111100010  9 111111101010  10 111111101110  8 111111111110  12 111111111111  
7 000000100000  8 010001100000  7 011101100000  6 111111100000  12 111111100001  11 111111100011  10 111111100111  8 111111110111  9 111111111111  
6 000001000000  7 010011000000  7 010011100000  7 011111100000  12 111111100010  9 111111101010  12 111111101011  10 111111101111  8 111111111111  
10 000101000000  11 101101100000  7 111111100000  11 111111100010  9 111111101010  10 111111101110  8 111111111110  12 111111111111  
7 000000100000  4 101000100000  6 101001100000  8 101001110000  11 111111110000  11 111111110010  10 111111110110  9 111111111110  12 111111111111  
10 000101000000  3 110101000000  8 110101010000  8 111111010000  10 111111010100  9 111111011100  12 111111011101  7 111111111101  11 111111111111
7 000000100000  8 010001100000  6 110011100000  7 111111100000  12 111111100001  9 111111101001  10 111111101101  8 111111111101  11 111111111111
5 100100000000  11 100111000000  5 111111000000  11 111111000010  12 111111000011  10 111111000111  8 111111010111  7 111111110111  9 111111111111
5 100100000000  7 100100100000  10 110100110000  8 111110110000  11 111110110010  10 111110110110  9 111110111110  6 111111111110  12 111111111111
10 000101000000  9 010101100000  12 111101110000  12 111101110001  9 111101111001  5 111111111001  10 111111111101  11 111111111111
8 110010000000  3 111010000000  4 111110000000  6 111111000000  9 111111001000  10 111111001100  12 111111001101  11 111111001111  7 111111101111  8 111111111111  
7 000000100000  5 100100100000  8 110101100000  11 111101110000  5 111111110000  12 111111110001  11 111111110011  9 111111111011  10 111111111111
4 101000000000  6 101001000000  7 111011000000  4 111111000000  9 111111001000  11 111111001010  10 111111001110  7 111111101110  12 111111101111  8 111111111111
6 000001000000  6 111001000000  9 111001001000  9 111111001000  11 111111001010  7 111111101010  10 111111101110  8 111111111110  12 111111111111
6 000001000000  7 010011000000  4 010111000000  10 011111100000  11 111111100100  9 111111101100  12 111111101101  11 111111101111  8 111111111111
10 000101000000  4 101101000000  9 111101100000  11 111101100010  8 111101110010  10 111101110110  12 111101110111  9 111101111111  5 111111111111
12 100100100000  8 110101100000  9 110101101000  5 110111101000  10 110111101100  3 111111101100  11 111111101110  12 111111101111  8 111111111111
6 000001000000  11 010111000000  4 111111000000  11 111111000010  12 111111000011  9 111111001011  7 111111101011  10 111111101111  8 111111111111
9 110001000000  9 110111000000  7 110111100000  3 111111100000  11 111111100010  8 111111110010  12 111111110011  10 111111110111  9 111111111111
7 000000100000  6 111000100000  9 111000101000  11 111011101000  10 111011101100  11 111011101110  8 111011111110  4 111111111110  12 111111111111
7 000000100000  7 110100100000  12 111100101000  12 111100101001  5 111110101001  8 111110111001  6 111111111001  10 111111111101  11 111111111111  
11 100101000000  7 100101100000  2 110101100000  12 111101101000  5 111111101000  8 111111111000  10 111111111100  11 111111111110  12 111111111111
9 110001000000  9 110111000000  7 110111100000  3 111111100000  10 111111100100  8 111111110100  9 111111111100  11 111111111110  12 111111111111
3 110000000000  7 110000100000  5 110010100000  7 111110100000  6 111111100000  9 111111101000  10 111111101100  12 111111101101  11 111111101111  8 111111111111
7 000000100000  5 100100100000  7 110110100000  11 111110110000  11 111110110010  12 111110110011  6 111111110011  10 111111110111  9 111111111111
5 100100000000  7 100100100000  10 110100110000  6 110101110000  8 111111110000  10 111111110100  12 111111110101  11 111111110111  9 111111111111
7 000000100000  4 101000100000  9 101110100000  8 101110110000  11 111110111000  10 111110111100  11 111110111110  12 111110111111  6 111111111111
5 100100000000  3 101100000000  5 101110000000  8 101110010000  10 101110010100  2 111110010100  6 111111010100  11 111111010110  7 111111110110  12 111111110111  9 111111111111
6 000001000000  7 010011000000  3 011011000000  7 011011100000  11 111011100100  9 111011101100  4 111111101100  12 111111101101  8 111111111101  11 111111111111
6 000001000000  10 100111000000  7 100111100000  5 111111100000  8 111111110000  10 111111110100  11 111111110110  12 111111110111  9 111111111111
4 101000000000  11 101011000000  8 101011010000  12 111011010100  9 111011011100  11 111111111100  12 111111111101  11 111111111111
3 110000000000  6 110001000000  10 111001100000  10 111001100100  9 111111100100  12 111111100101  11 111111100111  8 111111110111  9 111111111111
5 100100000000  7 100100100000  5 100110100000  5 111110100000  9 111110101000  8 111110111000  12 111110111001  6 111111111001  10 111111111101  11 111111111111
6 000001000000  3 110001000000  7 110001100000  7 111101100000  11 111101100010  12 111101100011  10 111101100111  9 111101101111  8 111101111111  5 111111111111  
7 000000100000  4 101000100000  6 101001100000  9 101111100000  9 101111101000  12 111111101100  8 111111111100  12 111111111101  11 111111111111
6 000001000000  10 100111000000  7 100111100000  9 100111101000  8 100111111000  11 100111111010  5 111111111010  10 111111111110  12 111111111111
6 000001000000  7 010011000000  9 110011010000  7 110011110000  10 110011110100  7 111111110100  9 111111111100  12 111111111101  11 111111111111
7 000000100000  6 111000100000  5 111010100000  11 111010100010  8 111010110010  9 111010111010  10 111111111010  10 111111111110  12 111111111111
3 110000000000  6 110001000000  7 110001100000  8 111011100000  10 111011100100  4 111111100100  9 111111101100  11 111111101110  8 111111111110  12 111111111111
3 110000000000  7 110000100000  6 110001100000  7 111101100000  11 111101100010  9 111101101010  8 111101111010  10 111101111110  12 111101111111  5 111111111111
5 100100000000  3 101100000000  7 101100100000  5 101110100000  8 101110110000  10 101110110100  11 111110111100  6 111111111100  11 111111111110  12 111111111111
8 110010000000  10 110111000000  10 111111100000  11 111111100010  10 111111100110  9 111111101110  8 111111111110  12 111111111111  
3 110000000000  4 110100000000  8 110100010000  8 111110010000  11 111110010010  10 111110010110  7 111110110110  12 111110110111  9 111110111111  6 111111111111
6 000001000000  10 100111000000  9 110111100000  9 110111101000  10 110111101100  12 110111101101  11 111111111101  11 111111111111
6 000001000000  6 111001000000  9 111001001000  4 111101001000  11 111101001010  10 111101001110  5 111111001110  12 111111001111  7 111111101111  8 111111111111
6 000001000000  9 010001100000  7 011101100000  11 111101100100  8 111101110100  9 111101111100  12 111101111101  11 111101111111  5 111111111111
4 101000000000  4 101100000000  8 111101000000  7 111101100000  9 111101101000  11 111101101010  10 111101101110  12 111101101111  8 111101111111  5 111111111111
7 000000100000  9 101010100000  4 101110100000  11 111110101000  10 111110101100  12 111110101101  8 111110111101  6 111111111101  11 111111111111
4 101000000000  7 101000100000  8 111001100000  9 111111100000  12 111111100001  11 111111100011  8 111111110011  10 111111110111  9 111111111111
9 110001000000  11 110101100000  11 111101110000  12 111101110001  5 111111110001  9 111111111001  11 111111111011  10 111111111111  
10 000101000000  11 101101100000  11 111101101000  12 111101101001  10 111101101101  5 111111101101  8 111111111101  11 111111111111
8 110010000000  6 110011000000  7 110011100000  3 111011100000  4 111111100000  8 111111110000  10 111111110100  12 111111110101  9 111111111101  11 111111111111
8 110010000000  6 110011000000  8 110011010000  7 110011110000  7 111111110000  10 111111110100  9 111111111100  12 111111111101  11 111111111111
7 000000100000  8 010001100000  7 011101100000  9 111101110000  9 111101111000  12 111101111001  11 111101111011  10 111101111111  5 111111111111
4 101000000000  8 111001000000  10 111001000100  9 111001001100  9 111111001100  7 111111101100  11 111111101110  12 111111101111  8 111111111111
4 101000000000  5 101010000000  12 101110010000  8 111111010000  10 111111010100  9 111111011100  12 111111011101  11 111111011111  7 111111111111
7 000000100000  8 010001100000  7 011101100000  8 011101110000  9 011101111000  10 011101111100  11 011101111110  6 111111111110  12 111111111111
5 100100000000  8 110101000000  3 111101000000  5 111111000000  11 111111000010  10 111111000110  7 111111100110  9 111111101110  12 111111101111  8 111111111111  
6 000001000000  7 010011000000  5 110111000000  3 111111000000  9 111111001000  12 111111001001  10 111111001101  7 111111101101  8 111111111101  11 111111111111
8 110010000000  8 110010010000  4 110110010000  6 110111010000  9 110111011000  11 110111011010  10 111111111010  12 111111111011  10 111111111111
4 101000000000  7 101000100000  11 101011100000  6 111111100000  12 111111100001  11 111111100011  8 111111110011  9 111111111011  10 111111111111
8 110010000000  6 110011000000  7 110011100000  12 110111110000  3 111111110000  11 111111110010  9 111111111010  10 111111111110  12 111111111111
6 000001000000  5 100101000000  3 101101000000  5 101111000000  11 111111001000  11 111111001010  10 111111001110  8 111111011110  7 111111111110  12 111111111111
8 110010000000  4 110110000000  9 111111000000  10 111111000100  11 111111000110  7 111111100110  12 111111100111  8 111111110111  9 111111111111
5 100100000000  7 100100100000  7 110110100000  9 111111100000  12 111111100001  11 111111100011  8 111111110011  10 111111110111  9 111111111111
8 110010000000  12 110110010000  9 111111010000  7 111111110000  9 111111111000  10 111111111100  11 111111111110  12 111111111111
2 010000000000  10 111001000000  7 111001100000  8 111001110000  10 111001110100  12 111001110101  11 111001110111  9 111111110111  9 111111111111
8 110010000000  12 110110010000  9 111111010000  12 111111010001  9 111111011001  10 111111011101  11 111111011111  7 111111111111
8 110010000000  10 110111000000  8 110111010000  11 110111010010  12 111111011010  12 111111011011  7 111111111011  10 111111111111
7 000000100000  9 101010100000  9 101010101000  11 101010101010  4 101110101010  6 101111101010  10 111111111010  12 111111111011  10 111111111111
6 000001000000  6 111001000000  5 111011000000  8 111011010000  7 111011110000  12 111011110001  11 111011110011  9 111011111011  4 111111111011  10 111111111111
8 110010000000  7 110010100000  9 111011100000  8 111011110000  11 111011110010  12 111011110011  4 111111110011  10 111111110111  9 111111111111
5 100100000000  9 110100100000  11 110111100000  10 110111100100  9 110111101100  11 111111111100  12 111111111101  11 111111111111
7 000000100000  8 010001100000  7 011101100000  10 111101101000  5 111111101000  8 111111111000  11 111111111010  10 111111111110  12 111111111111
8 110010000000  8 110010010000  11 110110110000  3 111110110000  9 111110111000  10 111110111100  12 111110111101  6 111111111101  11 111111111111
10 000101000000  7 010111000000  7 010111100000  10 110111101000  8 110111111000  12 110111111001  3 111111111001  11 111111111011  10 111111111111  
6 000001000000  6 111001000000  9 111001001000  9 111111001000  12 111111001001  8 111111011001  11 111111011011  10 111111011111  7 111111111111
10 000101000000  2 010101000000  6 110111000000  11 111111010000  9 111111011000  7 111111111000  12 111111111001  11 111111111011  10 111111111111
7 000000100000  7 110100100000  5 110110100000  9 111111100000  9 111111101000  12 111111101001  8 111111111001  11 111111111011  10 111111111111
12 100100100000  9 101101100000  7 111111100000  11 111111100010  8 111111110010  9 111111111010  12 111111111011  10 111111111111
9 110001000000  5 110011000000  7 110011100000  7 111111100000  12 111111100001  8 111111110001  9 111111111001  11 111111111011  10 111111111111
