Prob: 0,002862476362015572
Games: 100000
Wins: 275
Ratio: 0,00275
10 000000000100  8 000000010100  12 000000010101  6 000001010101  10 100001011101  11 100001011111  5 100011011111  6 110111011111  10 111111111111  
9 000000001000  6 000001001000  11 000001001010  6 010101001010  8 010101011010  12 010101011011  5 010111011011  7 010111111011  10 010111111111  4 111111111111  
12 000000000001  8 000000010001  5 000010010001  3 001010010001  3 111010010001  9 111010011001  11 111010011011  6 111011011011  11 111111111011  10 111111111111  
9 000000001000  12 000000001001  10 000000001101  6 000001001101  12 100001001111  6 110101001111  11 111101011111  5 111111011111  7 111111111111  
3 001000000000  4 001100000000  12 001100000001  11 001100000011  8 001100010011  8 011101010011  10 011101010111  7 011101110111  9 011101111111  6 111111111111  
10 000000000100  5 000010000100  6 000011000100  2 010011000100  12 010011000101  9 010011001101  4 010111001101  11 010111001111  7 010111101111  9 110111111111  3 111111111111  
7 000000100000  5 000010100000  5 011010100000  5 111110100000  11 111110100010  8 111110110010  10 111110110110  9 111110111110  6 111111111110  12 111111111111  
11 000000000010  12 000000000011  8 000000010011  12 010000010111  7 010000110111  5 010010110111  5 110110110111  9 110110111111  9 111111111111  
9 000000001000  11 000000001010  6 000001001010  12 000001001011  10 000001001111  10 010001011111  8 110001111111  5 110011111111  7 111111111111  
2 010000000000  10 010000000100  11 010000000110  5 010010000110  7 010010100110  12 010010100111  4 010110100111  11 011110110111  6 011111110111  10 111111111111  
8 000000010000  3 001000010000  9 001000011000  11 001000011010  8 011001011010  10 011001011110  12 011001011111  12 011011111111  5 111111111111  
9 000000001000  5 000010001000  7 000010101000  8 000010111000  5 011010111000  12 011010111001  12 111010111011  10 111010111111  6 111011111111  4 111111111111  
12 000000000001  10 000000000101  12 100000000111  9 100000001111  7 100000101111  3 101000101111  5 101010101111  8 111011101111  12 111111111111  
10 000000000100  5 000010000100  11 000010000110  10 100010001110  7 100010101110  8 100010111110  9 101011111110  6 111111111110  12 111111111111  
5 000010000000  9 000010001000  11 000010001010  8 000010011010  10 000010011110  7 100011011110  12 100011011111  9 110011111111  7 111111111111  
7 000000100000  9 000000101000  11 000000101010  7 001100101010  7 011110101010  11 111110101110  8 111110111110  12 111110111111  6 111111111111  
9 000000001000  10 000000001100  12 000000001101  12 100000001111  6 100001001111  11 101001011111  5 101011011111  7 101011111111  2 111011111111  4 111111111111  
6 000001000000  4 000101000000  10 000101000100  11 000101000110  3 001101000110  12 001101000111  9 001101001111  8 001101011111  9 011101111111  6 111111111111  
9 000000001000  8 000000011000  12 000000011001  9 001001011001  9 001111011001  11 001111011011  9 011111111011  11 111111111111  
10 000000000100  8 000000010100  11 000000010110  9 000000011110  12 000000011111  7 000000111111  8 010001111111  3 011001111111  4 011101111111  6 111111111111  
12 000000000001  7 000000100001  9 000000101001  6 000001101001  10 000001101101  9 100001111101  5 111001111101  9 111111111101  11 111111111111  
12 000000000001  5 000010000001  4 000110000001  10 000110000101  6 000111000101  11 000111000111  8 000111010111  11 010111011111  7 010111111111  4 111111111111  
8 000000010000  5 000010010000  7 000010110000  7 001110110000  9 001110111000  12 001110111001  8 011111111001  11 111111111101  11 111111111111  
10 000000000100  7 000000100100  9 000000101100  8 000000111100  6 100010111100  12 100010111101  6 110110111101  9 111111111101  11 111111111111  
8 000000010000  9 000000011000  7 000000111000  6 010100111000  7 110101111000  10 110101111100  11 110101111110  12 110101111111  8 111111111111  
12 000000000001  6 000001000001  9 000001001001  11 000001001011  6 100011001011  10 100011001111  8 100011011111  6 110111011111  10 111111111111
5 000010000000  9 000010001000  9 010010101000  12 010010101001  11 010010101011  7 011110101011  10 011110101111  6 011111101111  9 111111111111
10 000000000100  10 100000001100  11 100000001110  8 100000011110  10 101000111110  12 101000111111  6 111100111111  11 111111111111
5 000010000000  11 000010000010  10 000010000110  6 000011000110  12 000011000111  9 000011001111  7 001111001111  7 001111101111  3 111111101111  8 111111111111
6 000001000000  6 010101000000  12 010101000001  10 010101000101  5 010111000101  9 010111001101  12 110111001111  8 110111011111  10 111111111111
12 000000000001  11 000000000011  4 000100000011  11 100100000111  8 100100010111  5 100110010111  6 100111010111  3 101111010111  9 101111011111  9 111111111111  
6 000001000000  5 000011000000  3 001011000000  6 011111000000  9 011111001000  12 011111001001  7 011111101001  10 011111101101  11 011111101111  9 111111111111
12 000000000001  11 000000000011  10 000000000111  10 100000001111  3 101000001111  7 101000101111  7 111010101111  6 111011101111  12 111111111111
12 000000000001  9 000000001001  5 000010001001  9 001011001001  8 001011011001  10 001011011101  9 011011111101  11 011011111111  5 111111111111
5 000010000000  10 000010000100  12 000010000101  6 000011000101  3 001011000101  8 001011010101  11 001011010111  7 001011110111  10 101011111111  6 111111111111
11 000000000010  8 000000010010  10 000000010110  6 000001010110  12 000001010111  7 000001110111  10 100001111111  7 110011111111  7 111111111111
12 000000000001  8 000000010001  6 000001010001  9 000001011001  8 001011011001  4 001111011001  11 001111011011  11 101111011111  9 111111111111
3 001000000000  10 001000000100  7 001000100100  5 001010100100  2 011010100100  9 011010101100  8 011010111100  10 011111111100  12 111111111110  12 111111111111
8 000000010000  12 000000010001  8 001010010001  12 101010010011  6 101011010011  9 101011011011  10 101011011111  2 111011011111  4 111111011111  7 111111111111
12 000000000001  5 000010000001  8 000010010001  7 000010110001  6 000011110001  11 000011110011  5 011011110011  10 011011110111  9 011011111111  5 111111111111
11 000000000010  7 000000100010  11 100000100110  5 100010100110  12 100010100111  6 100011100111  9 100011101111  6 110111101111  11 111111111111
6 000001000000  12 000001000001  7 000001100001  9 000001101001  8 000001111001  12 100001111011  7 101101111011  10 101101111111  7 111111111111
7 000000100000  9 000000101000  7 001100101000  12 001100101001  5 001110101001  10 001110101101  12 101110101111  8 101110111111  8 111111111111
12 000000000001  4 000100000001  6 000101000001  7 000101100001  11 000101100011  8 000101110011  7 010111110011  9 010111111011  4 111111111011  10 111111111111
9 000000001000  10 000000001100  12 000000001101  6 000001001101  5 000011001101  7 000011101101  12 100011101111  3 101011101111  6 111111101111  8 111111111111
11 000000000010  12 000000000011  8 000000010011  7 000000110011  11 100000110111  9 100000111111  9 101001111111  6 111101111111  5 111111111111
12 000000000001  9 000000001001  9 100000011001  10 100000011101  9 110000111101  5 110010111101  7 111110111101  6 111111111101  11 111111111111
10 000000000100  11 000000000110  7 000000100110  12 000000100111  6 000001100111  6 100011100111  8 100011110111  5 111011110111  9 111011111111  4 111111111111
8 000000010000  4 000100010000  9 000100011000  10 000100011100  8 100100111100  9 101101111100  7 111111111100  12 111111111101  11 111111111111
4 000100000000  9 000100001000  8 000100011000  9 010100111000  11 010100111010  9 011101111010  5 011111111010  12 011111111011  11 111111111111
7 000000100000  7 001100100000  11 001100100010  7 011110100010  9 011110101010  12 011110101011  8 011110111011  10 011110111111  7 111111111111
6 000001000000  11 000001000010  9 000001001010  10 000001001110  5 000011001110  7 000011101110  9 100011111110  6 110111111110  3 111111111110  12 111111111111
10 000000000100  8 000000010100  5 000010010100  12 000010010101  11 000010010111  7 000010110111  6 010110110111  10 110110111111  9 111111111111
7 000000100000  9 000000101000  11 000000101010  12 000000101011  12 010000101111  8 010000111111  6 010001111111  7 011101111111  6 111111111111
10 000000000100  8 000000010100  7 000000110100  12 000000110101  8 010001110101  11 010001110111  9 010001111111  4 111001111111  9 111111111111
11 000000000010  12 000000000011  6 000001000011  9 000001001011  10 000001001111  6 100011001111  8 100011011111  7 101111011111  9 111111111111
9 000000001000  10 000000001100  6 000001001100  7 000001101100  10 010001111100  5 110101111100  8 111111111100  11 111111111110  12 111111111111
7 000000100000  9 000000101000  10 000000101100  10 010000111100  12 010000111101  7 011100111101  5 011110111101  12 111110111111  6 111111111111
10 000000000100  9 000000001100  9 100000011100  6 100001011100  7 100001111100  11 100001111110  12 100001111111  9 100111111111  5 111111111111
9 000000001000  6 000001001000  9 100001011000  11 100001011010  10 100001011110  5 100011011110  9 110011111110  12 110011111111  7 111111111111
3 001000000000  9 001000001000  12 001000001001  5 001010001001  8 001010011001  11 001010011011  2 011010011011  10 011010011111  8 111010111111  4 111110111111  6 111111111111
10 000000000100  9 000000001100  4 000100001100  10 010100011100  7 010100111100  8 011110111100  12 011110111101  7 111111111101  11 111111111111
8 000000010000  6 000001010000  5 000011010000  10 000011010100  12 000011010101  4 000111010101  11 000111010111  9 000111011111  9 010111111111  4 111111111111
6 000001000000  10 000001000100  8 000001010100  8 001011010100  12 001011010101  11 001011010111  4 001111010111  11 011111011111  8 111111111111
11 000000000010  5 000010000010  12 000010000011  7 000010100011  8 000010110011  4 000110110011  7 100111110011  9 100111111011  10 100111111111  5 111111111111
11 000000000010  5 000010000010  10 000010000110  10 100010001110  12 100010001111  5 111010001111  6 111011001111  12 111111011111  7 111111111111
8 000000010000  6 000001010000  9 000001011000  12 000001011001  6 010101011001  10 010101011101  8 011111011101  8 111111111101  11 111111111111
6 000001000000  12 000001000001  7 000001100001  6 100011100001  11 100011100011  2 110011100011  9 110011101011  10 110011101111  8 110011111111  7 111111111111
12 000000000001  10 000000000101  11 000000000111  12 001000001111  4 001100001111  10 011100011111  8 111100111111  11 111111111111
12 000000000001  7 000000100001  5 000010100001  10 000010100101  9 000010101101  8 000010111101  2 010010111101  9 011011111101  4 011111111101  12 111111111111
10 000000000100  11 000000000110  6 000001000110  7 000001100110  4 000101100110  6 100111100110  2 110111100110  12 110111100111  8 110111110111  12 111111111111
7 000000100000  9 000000101000  10 000000101100  2 010000101100  8 010000111100  12 010000111101  6 010001111101  5 110101111101  11 110101111111  8 111111111111
7 000000100000  10 000000100100  9 000000101100  6 000001101100  12 000001101101  12 100001101111  8 100001111111  7 110011111111  7 111111111111
7 000000100000  7 001100100000  6 001101100000  8 001101110000  9 001101111000  11 001101111010  6 101111111010  12 101111111011  12 111111111111
9 000000001000  6 000001001000  7 000001101000  3 001001101000  9 101001111000  11 101001111010  7 111011111010  4 111111111010  10 111111111110  12 111111111111
11 000000000010  10 000000000110  9 000000001110  12 000000001111  3 001000001111  7 001000101111  4 001100101111  8 001100111111  6 101110111111  2 111110111111  6 111111111111
8 000000010000  6 000001010000  12 000001010001  6 010101010001  10 010101010101  11 010101010111  7 010101110111  8 011111110111  10 111111111111  
4 000100000000  3 001100000000  12 001100000001  11 001100000011  10 001100000111  5 001110000111  9 001110001111  9 101110011111  6 101111011111  9 111111111111
12 000000000001  6 000001000001  4 000101000001  9 000101001001  7 000101101001  11 000101101011  8 000101111011  4 101101111011  10 101101111111  7 111111111111
9 000000001000  11 000000001010  10 000000001110  12 000000001111  11 001000011111  10 001101011111  9 011101111111  6 111111111111
4 000100000000  12 000100000001  10 000100000101  9 000100001101  6 000101001101  11 000101001111  7 010111001111  10 011111101111  9 111111111111
8 000000010000  8 001010010000  10 001010010100  11 001010010110  10 101010011110  9 111010111110  10 111111111110  12 111111111111
7 000000100000  11 000000100010  12 000000100011  9 000000101011  6 000001101011  9 100001111011  8 101011111011  6 111111111011  10 111111111111
9 000000001000  9 100000011000  4 100100011000  10 100100011100  12 100100011101  6 100101011101  10 101101111101  7 111111111101  11 111111111111
10 000000000100  3 001000000100  12 001000000101  4 001100000101  9 001100001101  7 001100101101  11 001100101111  7 011110101111  7 111111101111  8 111111111111
8 000000010000  5 000010010000  3 001010010000  6 001011010000  9 001011011000  12 001011011001  8 101011111001  11 101011111011  6 111111111011  10 111111111111
9 000000001000  10 000000001100  9 100000011100  12 100000011101  8 110001011101  7 110001111101  11 110001111111  5 110011111111  7 111111111111
6 000001000000  4 000101000000  12 000101000001  3 001101000001  9 001101001001  8 001101011001  10 001101011101  7 011111011101  11 011111011111  8 111111111111
6 000001000000  5 000011000000  12 000011000001  11 000011000011  9 000011001011  10 000011001111  4 101011001111  7 101011101111  10 111011111111  4 111111111111
7 000000100000  10 000000100100  11 000000100110  9 000000101110  6 000001101110  9 100001111110  12 100001111111  8 101011111111  6 111111111111
8 000000010000  5 000010010000  11 000010010010  9 000010011010  4 000110011010  5 011110011010  12 011110011011  6 011111011011  10 011111011111  8 111111111111
12 000000000001  12 100000000011  10 100000000111  7 100000100111  7 101100100111  5 101110100111  6 101111100111  10 111111110111  9 111111111111
9 000000001000  10 000000001100  6 000001001100  7 000001101100  11 000001101110  12 000001101111  3 001001101111  7 011011101111  5 111111101111  8 111111111111
11 000000000010  8 000000010010  9 000000011010  10 000000011110  7 000000111110  6 100010111110  5 111010111110  12 111010111111  10 111111111111
12 000000000001  9 000000001001  6 000001001001  10 000001001101  11 000001001111  7 000001101111  6 100011101111  6 110111101111  11 111111111111
5 000010000000  10 000010000100  9 000010001100  11 000010001110  7 000010101110  2 010010101110  9 110010111110  7 111110111110  6 111111111110  12 111111111111
8 000000010000  5 000010010000  8 100010110000  9 100010111000  9 101011111000  11 101011111010  12 101011111011  6 111111111011  10 111111111111
11 000000000010  10 000000000110  12 000000000111  9 000000001111  5 000010001111  3 001010001111  6 001011001111  4 001111001111  8 101111101111  10 111111111111
8 000000010000  7 000000110000  5 000010110000  11 000010110010  12 000010110011  7 001110110011  7 101111110011  11 111111111011  10 111111111111
6 000001000000  9 000001001000  8 000001011000  12 000001011001  11 000001011011  7 001101011011  5 001111011011  12 011111011111  8 111111111111
6 000001000000  7 000001100000  10 000001100100  12 000001100101  4 000101100101  7 010111100101  9 010111101101  4 111111101101  8 111111111101  11 111111111111
12 000000000001  6 000001000001  12 100001000011  5 100011000011  10 100011000111  7 100011100111  5 111011100111  9 111011101111  4 111111101111  8 111111111111
12 000000000001  9 000000001001  10 000000001101  5 000010001101  10 010010011101  11 010010011111  4 010110011111  9 011111011111  8 111111111111
7 000000100000  5 000010100000  8 000010110000  12 000010110001  12 100010110011  11 110010111011  9 111011111011  10 111011111111  4 111111111111
10 000000000100  9 000000001100  12 000000001101  8 000000011101  9 010000111101  12 110000111111  3 111000111111  9 111110111111  6 111111111111
6 000001000000  12 000001000001  9 000001001001  11 000001001011  8 000001011011  12 010001011111  8 110001111111  7 111101111111  5 111111111111
10 000000000100  12 000000000101  11 000000000111  7 000000100111  7 010010100111  9 010010101111  6 010011101111  8 010011111111  3 011011111111  5 111111111111
7 000000100000  10 000000100100  11 000000100110  2 010000100110  9 010000101110  6 010001101110  4 010101101110  9 110101111110  12 110101111111  8 111111111111
9 000000001000  4 000100001000  10 000100001100  10 010100011100  6 010101011100  4 111101011100  7 111101111100  11 111101111110  5 111111111110  12 111111111111
12 000000000001  9 000000001001  11 000000001011  6 000001001011  10 000001001111  4 000101001111  7 010111001111  9 110111011111  10 111111111111
7 000000100000  10 000000100100  9 000000101100  5 000010101100  12 000010101101  5 011010101101  11 011010101111  12 011110111111  7 111111111111
9 000000001000  9 100000011000  7 100000111000  7 101100111000  7 111110111000  6 111111111000  11 111111111010  12 111111111011  10 111111111111
5 000010000000  6 000011000000  11 000011000010  12 000011000011  3 001011000011  9 001011001011  8 001011011011  10 001011011111  9 011011111111  5 111111111111
4 000100000000  5 000110000000  7 000110100000  11 000110100010  7 100111100010  8 100111110010  10 100111110110  12 100111110111  5 111111110111  9 111111111111
9 000000001000  3 001000001000  12 001000001001  7 001000101001  8 001000111001  9 001110111001  12 101110111011  8 111111111011  10 111111111111
11 000000000010  5 000010000010  9 000010001010  11 100010001110  12 100010001111  9 110010101111  6 110011101111  8 110011111111  7 111111111111
10 000000000100  5 000010000100  7 000010100100  4 000110100100  5 011110100100  11 011110100110  9 011110101110  7 111111101110  8 111111111110  12 111111111111
11 000000000010  7 000000100010  12 000000100011  11 100000100111  6 100001100111  9 100001101111  7 101101101111  10 111101111111  5 111111111111
10 000000000100  9 000000001100  6 000001001100  5 000011001100  7 000011101100  12 000011101101  12 100011101111  11 101011111111  6 111111111111
4 000100000000  9 000100001000  5 000110001000  9 100110011000  11 100110011010  12 100110011011  9 101111011011  9 111111111011  10 111111111111
7 000000100000  4 000100100000  6 000101100000  3 001101100000  11 001101100010  9 001101101010  11 101101101110  7 111111101110  12 111111101111  8 111111111111
10 000000000100  5 000010000100  11 000010000110  8 000010010110  12 000010010111  7 000010110111  8 010011110111  10 110011111111  7 111111111111
10 000000000100  6 000001000100  12 000001000101  5 000011000101  9 000011001101  8 000011011101  9 010011111101  7 011111111101  12 111111111111
10 000000000100  5 000010000100  11 000010000110  12 000010000111  6 000011000111  10 100011001111  7 100011101111  4 100111101111  8 100111111111  5 111111111111
9 000000001000  12 000000001001  9 100000011001  10 100000011101  9 110000111101  8 111010111101  10 111111111101  11 111111111111
5 000010000000  10 000010000100  4 000110000100  9 000110001100  12 000110001101  9 100110011101  11 100110011111  9 110110111111  9 111111111111
5 000010000000  9 000010001000  12 000010001001  7 000010101001  12 100010101011  8 100010111011  10 100010111111  2 110010111111  6 110011111111  7 111111111111
9 000000001000  8 000000011000  7 000000111000  6 010100111000  4 111100111000  11 111100111010  10 111100111110  11 111111111110  12 111111111111
9 000000001000  4 000100001000  6 000101001000  8 000101011000  10 000101011100  7 000101111100  12 000101111101  4 101101111101  7 111111111101  11 111111111111
10 000000000100  12 000000000101  3 001000000101  8 001000010101  7 001000110101  6 001001110101  11 001001110111  9 001001111111  7 011011111111  5 111111111111  
10 000000000100  9 000000001100  5 000010001100  8 000010011100  12 000010011101  11 000010011111  8 100010111111  6 110110111111  9 111111111111
12 000000000001  8 000000010001  11 000000010011  6 000001010011  10 000001010111  6 010101010111  5 010111010111  10 110111011111  10 111111111111
8 000000010000  6 000001010000  5 000011010000  8 100011110000  9 100011111000  11 100011111010  2 110011111010  10 110011111110  7 111111111110  12 111111111111
5 000010000000  11 000010000010  8 000010010010  7 000010110010  12 000010110011  7 001110110011  7 101111110011  10 101111110111  11 111111111111
3 001000000000  5 001010000000  11 001010000010  3 111010000010  9 111010001010  6 111011001010  10 111011001110  11 111111101110  12 111111101111  8 111111111111
5 000010000000  6 000011000000  5 011011000000  9 011011001000  10 011011001100  11 011011001110  9 111011011110  4 111111011110  7 111111111110  12 111111111111
7 000000100000  12 000000100001  2 010000100001  7 011100100001  10 011100100101  6 011101100101  9 011101101101  12 111101101111  5 111111101111  8 111111111111
2 010000000000  9 010000001000  9 110000011000  11 110000011010  7 110000111010  5 110010111010  7 111110111010  10 111110111110  12 111110111111  6 111111111111
4 000100000000  9 000100001000  9 100100011000  12 100100011001  8 101110011001  12 111110011101  7 111110111101  11 111110111111  6 111111111111
12 000000000001  5 000010000001  9 000010001001  10 000010001101  8 000010011101  11 000010011111  8 100010111111  5 111010111111  10 111111111111
10 000000000100  10 100000001100  8 100000011100  9 110000111100  11 110000111110  9 111001111110  12 111001111111  9 111111111111
4 000100000000  10 000100000100  8 000100010100  5 000110010100  6 000111010100  12 000111010101  9 000111011101  12 100111011111  3 101111011111  9 111111111111
5 000010000000  10 000010000100  10 100010001100  8 100010011100  7 100010111100  6 110110111100  9 111111111100  11 111111111110  12 111111111111
9 000000001000  5 000010001000  8 000010011000  9 001011011000  10 001011011100  11 001011011110  3 111011011110  12 111011011111  11 111111111111
7 000000100000  10 000000100100  9 000000101100  8 000000111100  12 000000111101  6 010100111101  11 010100111111  8 011110111111  7 111111111111
12 000000000001  6 000001000001  4 000101000001  7 000101100001  10 000101100101  9 000101101101  5 011101101101  6 111111101101  11 111111101111  8 111111111111
8 000000010000  11 000000010010  10 000000010110  11 010000011110  6 010001011110  5 010011011110  8 110011111110  7 111111111110  12 111111111111
7 000000100000  2 010000100000  5 010010100000  8 010010110000  9 010010111000  10 010010111100  12 010010111101  12 110010111111  6 110011111111  7 111111111111
7 000000100000  12 000000100001  8 000000110001  7 001100110001  9 001100111001  11 001100111011  11 101100111111  5 101110111111  6 101111111111  2 111111111111
7 000000100000  9 000000101000  9 100000111000  4 100100111000  7 110110111000  12 110110111001  10 110110111101  11 110110111111  9 111111111111
5 000010000000  10 000010000100  4 000110000100  2 010110000100  8 010110010100  9 010110011100  12 010110011101  11 010110011111  10 011110111111  7 111111111111
2 010000000000  9 010000001000  11 010000001010  12 010000001011  9 110000011011  10 110000011111  7 110000111111  7 111100111111  6 111101111111  5 111111111111
7 000000100000  9 000000101000  7 001100101000  8 001100111000  10 001100111100  7 011110111100  11 011110111110  7 111111111110  12 111111111111
7 000000100000  12 000000100001  11 000000100011  10 000000100111  8 000000110111  5 000010110111  7 001110110111  9 001110111111  3 111110111111  6 111111111111
9 000000001000  6 000001001000  10 000001001100  11 000001001110  12 000001001111  5 000011001111  6 010111001111  9 110111011111  10 111111111111
10 000000000100  11 000000000110  8 000000010110  8 100000110110  11 110000111110  10 110101111110  12 110101111111  8 111111111111
5 000010000000  5 011010000000  10 011010000100  11 011010000110  7 011010100110  8 011010110110  5 111110110110  9 111110111110  6 111111111110  12 111111111111
12 000000000001  5 000010000001  8 000010010001  3 001010010001  4 001110010001  8 011111010001  11 011111010011  10 011111010111  7 011111110111  10 111111111111
9 000000001000  10 000000001100  9 100000011100  7 100000111100  6 100001111100  9 100111111100  5 111111111100  11 111111111110  12 111111111111
7 000000100000  12 000000100001  10 000000100101  4 000100100101  9 000100101101  8 000100111101  12 100100111111  8 110101111111  8 111111111111
7 000000100000  10 000000100100  11 000000100110  11 010000101110  6 010001101110  4 010101101110  3 011101101110  8 011101111110  12 011101111111  6 111111111111
10 000000000100  4 000100000100  11 000100000110  8 000100010110  5 000110010110  7 000110110110  9 000110111110  12 000110111111  5 011110111111  7 111111111111
8 000000010000  11 000000010010  6 000001010010  9 000001011010  5 000011011010  4 000111011010  7 000111111010  5 011111111010  11 111111111110  12 111111111111
12 000000000001  3 001000000001  7 001000100001  5 001010100001  9 001010101001  4 001110101001  6 001111101001  8 001111111001  12 101111111011  12 111111111111
8 000000010000  12 000000010001  9 000000011001  7 000000111001  10 000000111101  10 000101111101  5 011101111101  5 011111111101  12 111111111111
7 000000100000  2 010000100000  11 010000100010  7 011100100010  5 011110100010  12 011110100011  9 011110101011  10 011110101111  7 111111101111  8 111111111111
4 000100000000  10 000100000100  10 100100001100  11 100100001110  12 100100001111  6 100101001111  8 100101011111  10 101101111111  7 111111111111
12 000000000001  7 000000100001  8 000000110001  5 000010110001  7 001110110001  3 111110110001  11 111110110011  6 111111110011  10 111111110111  9 111111111111
10 000000000100  12 000000000101  5 000010000101  9 000010001101  9 010010101101  11 010010101111  7 011110101111  9 111110111111  6 111111111111
8 000000010000  5 000010010000  5 011010010000  4 011110010000  10 011110010100  11 011110010110  9 011110011110  12 011110011111  7 111111011111  7 111111111111
9 000000001000  9 100000011000  3 101000011000  4 101100011000  7 101100111000  10 101100111100  11 101100111110  8 111101111110  5 111111111110  12 111111111111
7 000000100000  8 000000110000  5 000010110000  9 000010111000  7 001110111000  10 001110111100  7 101111111100  12 101111111101  11 101111111111  2 111111111111
11 000000000010  4 000100000010  8 000100010010  10 000100010110  6 000101010110  12 000101010111  9 000101011111  7 000101111111  5 011101111111  6 111111111111
5 000010000000  10 000010000100  4 000110000100  7 000110100100  9 000110101100  12 000110101101  6 000111101101  11 000111101111  2 010111101111  4 111111101111  8 111111111111
12 000000000001  12 100000000011  6 100001000011  8 100001010011  4 100101010011  9 100101011011  7 100101111011  3 101101111011  7 111111111011  10 111111111111
6 000001000000  4 000101000000  8 000101010000  3 001101010000  10 001101010100  7 011111010100  10 111111011100  7 111111111100  11 111111111110  12 111111111111
6 000001000000  9 000001001000  12 000001001001  10 000001001101  5 000011001101  6 010111001101  4 111111001101  7 111111101101  8 111111111101  11 111111111111
9 000000001000  7 000000101000  9 100000111000  12 100000111001  3 101000111001  12 111000111101  11 111000111111  6 111001111111  9 111111111111
9 000000001000  11 000000001010  10 000000001110  12 000000001111  9 100000011111  10 101000111111  7 111010111111  10 111111111111
4 000100000000  2 010100000000  12 010100000001  10 010100000101  9 010100001101  11 010100001111  7 010100101111  11 011100111111  5 011110111111  7 111111111111  
8 000000010000  8 001010010000  7 001010110000  12 001010110001  6 011110110001  9 011110111001  10 011110111101  11 011110111111  7 111111111111
12 000000000001  7 000000100001  7 001100100001  8 001100110001  12 101100110011  9 101100111011  7 111110111011  10 111110111111  6 111111111111
6 000001000000  8 000001010000  9 000001011000  5 000011011000  3 001011011000  11 001011011010  6 011111011010  12 011111011011  10 011111011111  8 111111111111
5 000010000000  7 000010100000  8 000010110000  6 000011110000  11 000011110010  7 001111110010  11 101111110110  12 101111110111  11 111111111111
10 000000000100  11 000000000110  7 000000100110  7 001100100110  2 011100100110  8 011100110110  6 011101110110  6 111111110110  9 111111111110  12 111111111111
11 000000000010  7 000000100010  12 000000100011  8 000000110011  5 000010110011  7 001110110011  2 011110110011  9 011110111011  11 111110111111  6 111111111111
10 000000000100  3 001000000100  9 001000001100  3 111000001100  6 111001001100  12 111001001101  9 111111001101  7 111111101101  11 111111101111  8 111111111111
6 000001000000  10 000001000100  6 010101000100  6 110111000100  8 110111010100  9 110111011100  7 110111111100  12 110111111101  11 110111111111  3 111111111111
3 001000000000  7 001000100000  11 001000100010  8 001000110010  3 111000110010  9 111000111010  9 111110111010  12 111110111011  6 111111111011  10 111111111111
12 000000000001  10 000000000101  4 000100000101  12 100100000111  9 100100001111  10 110100011111  6 110101011111  8 111111011111  7 111111111111
11 000000000010  5 000010000010  5 011010000010  9 011010001010  7 011010101010  12 011010101011  9 111010111011  10 111010111111  10 111111111111
8 000000010000  11 000000010010  4 000100010010  12 000100010011  10 000100010111  9 000100011111  3 110100011111  6 110101011111  7 110101111111  8 111111111111
12 000000000001  10 000000000101  10 100000001101  10 110000011101  9 110110011101  7 110110111101  9 111111111101  11 111111111111
11 000000000010  9 000000001010  11 100000001110  6 100001001110  8 100001011110  11 100101111110  12 100101111111  7 110111111111  3 111111111111
9 000000001000  2 010000001000  5 010010001000  6 010011001000  12 010011001001  10 010011001101  4 010111001101  11 010111001111  4 111111001111  8 111111011111  7 111111111111
5 000010000000  4 000110000000  8 000110010000  10 000110010100  11 000110010110  10 100110011110  2 110110011110  6 110111011110  12 110111011111  7 110111111111  3 111111111111
10 000000000100  12 000000000101  4 000100000101  8 000100010101  10 100100011101  7 100100111101  9 101101111101  11 101101111111  7 111111111111
12 000000000001  8 000000010001  9 000000011001  10 000000011101  4 000100011101  10 001100111101  7 011110111101  11 011110111111  7 111111111111
9 000000001000  4 000100001000  6 000101001000  11 000101001010  9 010101101010  12 010101101011  10 010101101111  8 011111101111  9 111111111111
11 000000000010  4 000100000010  8 000100010010  10 000100010110  3 001100010110  10 101100011110  6 101101011110  12 101101011111  5 101111011111  9 111111111111
8 000000010000  11 000000010010  9 000000011010  3 001000011010  12 001000011011  10 001000011111  8 101000111111  9 101110111111  8 111111111111
11 000000000010  5 000010000010  10 000010000110  4 000110000110  7 000110100110  8 000110110110  9 000110111110  3 110110111110  12 110110111111  9 111111111111
12 000000000001  3 001000000001  7 001000100001  11 001000100011  10 001000100111  9 001000101111  10 011000111111  10 011101111111  6 111111111111
8 000000010000  6 000001010000  12 000001010001  10 000001010101  12 100001010111  7 100001110111  6 110101110111  8 111111110111  9 111111111111
12 000000000001  5 000010000001  8 000010010001  4 000110010001  7 000110110001  9 000110111001  11 000110111011  5 011110111011  11 111110111111  6 111111111111
11 000000000010  9 000000001010  7 000000101010  12 000000101011  3 001000101011  6 001001101011  6 011101101011  5 011111101011  8 011111111011  11 111111111111
2 010000000000  8 010000010000  7 010000110000  5 010010110000  12 010010110001  3 011010110001  10 011010110101  6 011011110101  9 011011111101  11 011011111111  5 111111111111
7 000000100000  10 000000100100  12 000000100101  3 001000100101  8 001000110101  9 001000111101  6 001001111101  7 011011111101  11 011011111111  5 111111111111
7 000000100000  12 000000100001  11 000000100011  9 000000101011  3 001000101011  9 101000111011  10 101000111111  6 111100111111  11 111111111111
10 000000000100  4 000100000100  9 000100001100  6 000101001100  11 000101001110  8 000101011110  9 010101111110  12 010101111111  5 010111111111  4 111111111111
8 000000010000  10 000000010100  10 100000011100  6 100001011100  3 101001011100  11 101001011110  12 101001011111  9 111001111111  9 111111111111
11 000000000010  7 000000100010  6 000001100010  7 001101100010  8 001101110010  12 001101110011  11 101101110111  7 111111110111  9 111111111111
11 000000000010  9 000000001010  5 000010001010  2 010010001010  12 010010001011  8 010010011011  7 010010111011  5 110110111011  9 111111111011  10 111111111111
8 000000010000  6 000001010000  7 000001110000  9 000001111000  9 000111111000  12 000111111001  5 011111111001  11 111111111101  11 111111111111
12 000000000001  9 000000001001  6 000001001001  9 100001011001  5 100011011001  3 101011011001  7 101011111001  10 101011111101  6 111111111101  11 111111111111
9 000000001000  11 000000001010  12 000000001011  8 000000011011  6 000001011011  4 000101011011  8 001111011011  8 101111111011  12 111111111111
11 000000000010  6 000001000010  5 000011000010  9 000011001010  12 000011001011  7 000011101011  9 100011111011  7 101111111011  12 111111111111
9 000000001000  6 000001001000  8 000001011000  12 000001011001  8 001011011001  8 101011111001  11 101011111011  10 101011111111  6 111111111111
10 000000000100  8 000000010100  3 001000010100  10 101000011100  6 101001011100  11 101001011110  6 111101011110  12 111101011111  12 111111111111
9 000000001000  3 001000001000  10 001000001100  8 001000011100  5 001010011100  6 001011011100  8 101011111100  11 101011111110  6 111111111110  12 111111111111
5 000010000000  12 000010000001  3 001010000001  3 111010000001  9 111010001001  4 111110001001  10 111110001101  6 111111001101  7 111111101101  11 111111101111  8 111111111111
11 000000000010  3 001000000010  9 001000001010  4 001100001010  10 001100001110  8 001100011110  8 101100111110  6 101101111110  7 111111111110  12 111111111111
10 000000000100  12 000000000101  6 000001000101  11 000001000111  2 010001000111  5 010011000111  5 110111000111  11 111111010111  9 111111011111  7 111111111111
12 000000000001  11 000000000011  9 000000001011  6 000001001011  9 100001011011  6 110101011011  7 110101111011  8 111111111011  10 111111111111
8 000000010000  8 001010010000  6 001011010000  10 001011010100  12 001011010101  9 001011011101  7 001011111101  6 011111111101  12 111111111111
9 000000001000  12 000000001001  11 000000001011  9 100000011011  12 110000011111  7 110000111111  5 110010111111  10 110111111111  3 111111111111
8 000000010000  10 000000010100  12 000000010101  9 000000011101  6 000001011101  11 000001011111  11 000101111111  5 011101111111  6 111111111111
8 000000010000  7 000000110000  6 000001110000  5 000011110000  6 010111110000  4 111111110000  12 111111110001  9 111111111001  10 111111111101  11 111111111111
10 000000000100  8 000000010100  6 000001010100  11 000001010110  12 000001010111  9 000001011111  6 100011011111  9 110011111111  7 111111111111
10 000000000100  5 000010000100  9 000010001100  8 000010011100  6 010110011100  12 010110011101  6 010111011101  10 011111111101  12 111111111111
9 000000001000  12 000000001001  5 000010001001  11 000010001011  12 010010001111  5 110110001111  6 110111001111  7 110111101111  11 111111111111
8 000000010000  9 000000011000  12 000000011001  12 100000011011  6 100001011011  7 100001111011  8 101011111011  10 101011111111  6 111111111111
9 000000001000  5 000010001000  12 000010001001  7 000010101001  7 001110101001  10 001110101101  11 001110101111  8 011111101111  9 111111111111
11 000000000010  6 000001000010  10 000001000110  3 001001000110  10 101001001110  5 101011001110  7 101011101110  12 101011101111  8 101011111111  6 111111111111
11 000000000010  12 000000000011  10 000000000111  5 000010000111  8 000010010111  9 000010011111  8 100010111111  8 110011111111  7 111111111111
10 000000000100  3 001000000100  4 001100000100  12 001100000101  8 001100010101  10 101100011101  5 101110011101  6 101111011101  2 111111011101  11 111111011111  7 111111111111
8 000000010000  9 000000011000  11 000000011010  4 000100011010  11 100100011110  5 100110011110  12 100110011111  6 100111011111  5 111111011111  7 111111111111
5 000010000000  10 000010000100  11 000010000110  12 000010000111  9 000010001111  6 000011001111  8 100011101111  7 101111101111  10 111111111111
11 000000000010  4 000100000010  7 000100100010  6 000101100010  10 000101100110  11 010101101110  12 010101101111  9 110101111111  8 111111111111
7 000000100000  12 000000100001  4 000100100001  10 000100100101  10 010100110101  5 010110110101  11 010110110111  9 011111110111  10 111111111111
7 000000100000  8 000000110000  11 000000110010  10 000000110110  2 010000110110  12 010000110111  7 011100110111  11 011111110111  10 111111111111
9 000000001000  3 001000001000  12 001000001001  9 101000011001  8 111001011001  9 111111011001  7 111111111001  11 111111111011  10 111111111111
5 000010000000  9 000010001000  8 000010011000  4 000110011000  12 000110011001  11 000110011011  3 001110011011  6 001111011011  11 101111011111  9 111111111111
8 000000010000  9 000000011000  6 000001011000  12 000001011001  12 100001011011  5 100011011011  7 101111011011  10 101111011111  9 111111111111
11 000000000010  6 000001000010  5 000011000010  7 000011100010  7 001111100010  12 001111100011  12 011111100111  10 111111101111  8 111111111111
12 000000000001  12 100000000011  5 100010000011  6 100011000011  8 100011010011  10 100011010111  6 110111010111  12 111111011111  7 111111111111
5 000010000000  9 000010001000  3 001010001000  9 011010101000  12 011010101001  10 011010101101  8 011010111101  7 111011111101  4 111111111101  11 111111111111
3 001000000000  9 001000001000  7 001000101000  5 001010101000  11 001010101010  10 001010101110  7 101011101110  8 101011111110  2 111011111110  12 111011111111  4 111111111111
10 000000000100  6 000001000100  9 000001001100  12 000001001101  12 100001001111  11 101001011111  11 101101111111  7 111111111111
7 000000100000  8 000000110000  9 000000111000  6 010100111000  11 010100111010  12 010100111011  8 011110111011  11 111110111111  6 111111111111
12 000000000001  11 000000000011  9 000000001011  6 000001001011  8 000001011011  7 001101011011  12 011101011111  6 111111011111  7 111111111111
8 000000010000  12 000000010001  11 000000010011  11 100000010111  12 101000011111  5 101010011111  7 101010111111  8 111011111111  4 111111111111
7 000000100000  3 001000100000  10 001000100100  12 001000100101  4 001100100101  6 001101100101  8 001101110101  9 001101111101  7 011111111101  12 111111111111
3 001000000000  12 001000000001  10 001000000101  9 001000001101  5 001010001101  9 011010101101  11 011010101111  4 011110101111  9 111110111111  6 111111111111
9 000000001000  12 000000001001  9 100000011001  10 100000011101  5 100010011101  4 100110011101  11 100110011111  10 101110111111  8 111111111111
10 000000000100  6 000001000100  3 001001000100  10 101001001100  12 101001001101  7 101001101101  8 101001111101  11 101001111111  7 111011111111  4 111111111111
12 000000000001  10 000000000101  2 010000000101  8 010000010101  5 010010010101  9 010010011101  5 110110011101  11 110110011111  6 110111011111  3 111111011111  7 111111111111
6 000001000000  10 000001000100  9 000001001100  6 010101001100  9 110101011100  7 110101111100  8 111111111100  12 111111111101  11 111111111111
9 000000001000  4 000100001000  12 000100001001  6 000101001001  3 001101001001  11 001101001011  7 001101101011  6 101111101011  8 101111111011  12 111111111111
6 000001000000  6 010101000000  7 010101100000  8 010101110000  11 010101110010  11 110101110110  3 111101110110  12 111101110111  9 111101111111  5 111111111111
11 000000000010  5 000010000010  3 001010000010  10 001010000110  2 011010000110  12 011010000111  8 011010010111  8 111010110111  9 111010111111  4 111110111111  6 111111111111
8 000000010000  5 000010010000  11 000010010010  12 000010010011  7 000010110011  11 100010110111  11 110010111111  3 111010111111  10 111111111111
7 000000100000  3 001000100000  8 001000110000  6 001001110000  9 001001111000  11 001001111010  11 101001111110  6 111101111110  12 111101111111  5 111111111111
10 000000000100  4 000100000100  12 000100000101  3 001100000101  5 001110000101  6 001111000101  7 001111100101  8 001111110101  12 101111110111  11 111111111111
5 000010000000  12 000010000001  8 000010010001  7 000010110001  10 000010110101  9 000010111101  5 011010111101  11 011010111111  4 011110111111  7 111111111111
8 000000010000  12 000000010001  12 100000010011  10 100000010111  5 100010010111  3 101010010111  8 111011010111  4 111111010111  7 111111110111  9 111111111111
10 000000000100  8 000000010100  12 000000010101  5 000010010101  4 000110010101  6 000111010101  5 011111010101  9 011111011101  8 111111111101  11 111111111111
8 000000010000  11 000000010010  11 100000010110  7 100000110110  9 100000111110  8 110001111110  12 110001111111  4 110101111111  8 111111111111
10 000000000100  11 000000000110  8 000000010110  10 100000011110  9 110000111110  8 111010111110  12 111010111111  4 111110111111  6 111111111111
7 000000100000  11 000000100010  6 000001100010  7 001101100010  5 001111100010  8 001111110010  12 001111110011  10 101111111011  12 111111111111
4 000100000000  3 001100000000  8 001100010000  11 001100010010  7 001100110010  11 101100110110  12 101100110111  5 101110110111  8 111111110111  9 111111111111
4 000100000000  12 000100000001  9 000100001001  10 000100001101  3 001100001101  5 001110001101  7 001110101101  11 001110101111  7 101111101111  10 111111111111
11 000000000010  8 000000010010  10 000000010110  7 000000110110  6 000001110110  12 000001110111  9 000111110111  11 010111111111  4 111111111111
12 000000000001  7 000000100001  11 000000100011  7 001100100011  9 001100101011  2 011100101011  5 011110101011  10 011110101111  9 111110111111  6 111111111111
10 000000000100  5 000010000100  6 000011000100  11 000011000110  3 001011000110  9 001011001110  12 001011001111  4 001111001111  8 101111101111  10 111111111111
